0 22.8 12.5 91.2 90.7 97.2 4.5 33.6 90.7 91.7 34 33.8 34.3 12.7 35.7 5 4.8 4.5 4.2
22.8 0 10.3 109 108.5 115 25 13.5 108.6 109.5 14.3 14.1 11 10.2 13.6 26.3 26.1 25.8 24.5
12.5 10.3 0 102.1 101.6 108.1 14.5 17.1 101.6 102.6 19.3 19.1 15.5 0.2 17.1 15 14.8 14.5 14.3
91.2 109.1 102.3 0 0.9 6 86.8 123.4 0.8 1.7 123.8 123.6 124 102.6 125.4 86.7 86.3 86.8 87.5
90.7 108.6 101.9 0.9 0 6.9 86.3 122.9 0.4 1 123.3 123.1 123.6 102.1 125 86.2 85.8 86.3 87.1
97.1 115.1 108.3 6 6.9 0 92.8 129.4 6.8 7.7 129.8 129.6 130 108.6 131.4 92.7 92.3 92.8 93.5
4.5 25 14.6 86.8 86.4 92.8 0 35.7 86.4 87.4 36 35.8 36.3 14.8 37.7 0.6 0.5 0.6 0.9
34 13.5 17.1 123.3 122.8 129.3 36.1 0 122.8 123.8 2.5 1.4 2.5 16.9 0.7 36.5 36.4 36.1 35.8
90.7 108.6 101.9 0.8 0.4 6.8 86.3 122.9 0 1.3 123.3 123.1 123.6 102.1 125 86.3 85.9 86.3 87.1
91.7 109.6 102.9 1.7 1.1 7.7 87.3 123.9 1.3 0 124.3 124.1 124.6 103.1 126 87.3 86.9 87.3 88.1
34.4 14.3 19.3 123.6 123.1 129.6 36.4 2.5 123.2 124.2 0 1.6 3.4 19.1 3.7 36.9 36.7 36.4 36.1
34.2 14.1 19.1 123.4 122.9 129.4 36.2 1.4 123 124 1.6 0 3.2 18.9 2.3 36.7 36.5 36.2 35.9
34.7 11 15.5 123.9 123.4 129.9 36.7 2.5 123.5 124.4 3.4 3.2 0 15.3 2.6 37.2 37 36.7 36.4
12.7 10.2 0.2 102.3 101.8 108.3 14.8 16.9 101.9 102.8 19.1 18.9 15.3 0 16.9 15.2 15.1 14.8 14.5
36.1 13.6 17.1 125.3 124.8 131.3 38.1 0.7 124.9 125.8 3.7 2.3 2.6 16.9 0 38.5 38.4 38.1 37.8
5 25.6 15 86.7 86.2 92.7 0.6 36.1 86.3 87.2 36.5 36.3 36.8 15.3 38.2 0 0.5 0.6 1.4
4.8 25.5 14.9 86.4 85.9 92.4 0.5 36 85.9 86.9 36.3 36.1 36.6 15.1 38 0.5 0 0.4 1.2
4.3 26.5 15.3 87.2 86.7 93.2 1 36.4 86.8 87.7 36.7 36.5 37 15.5 38.4 0.9 0.9 0 1.6
4.1 24.5 14.2 87.6 87.1 93.6 0.9 35.3 87.1 88.1 35.6 35.4 35.9 14.4 37.3 1.4 1.2 0.9 0
