0 92 79.4 146.4 146.2 152 69.9 95.8 146.2 146.9 95.4 95.1 95.5 79.8 96.7 70.4 70.2 69.9 69.7
26.5 0 13.6 101.7 101.4 107.2 26.9 16 101.4 102.1 16.4 16.2 13.3 13.4 15.7 27.8 27.5 27.3 26.5
17.2 16 0 96.2 95.9 100.8 19.2 22 96 96.6 22.5 22.2 20 2.1 21.6 19.6 19.4 19.1 19.1
85.9 101.9 93.3 0 3.2 9.3 82.2 107.9 3 4.5 107.3 107 107.5 93.7 108.7 82.1 81.8 82.2 83.2
87.2 101.6 94.2 3.2 0 10.4 83.5 107.7 2.4 3.5 107.1 106.7 107.2 94.6 108.5 83.4 83 83.5 84.5
90.8 107.4 98.8 8 8.8 0 86.4 113.4 8.7 9.5 112.8 112.5 113 99.2 114.3 86.3 85.9 86.4 87.6
10.7 38.7 25.1 96.3 96 101.1 0 44.8 96 96.7 44.3 44 44.5 25.5 46 3.6 3.1 3.4 4.3
37 20.6 24.1 112.5 112.3 116.9 38.9 0 112.3 112.9 6.9 5 6.9 23.8 3.5 39.3 39 38.8 38.9
87.4 101.6 94.4 3 2.4 10.3 83.6 107.7 0 3.9 107.1 106.8 107.3 94.7 108.5 83.5 83.2 83.6 84.6
86 102.3 93.8 4.5 3.5 11 82.4 108.4 3.8 0 107.8 107.5 108 94.2 109.2 82.3 81.9 82.3 83.4
32.6 18.8 21.9 107 106.8 112.6 34.3 6.1 106.8 107.5 0 4.7 7 21.7 7.4 34.6 34.4 34.2 34.3
33.6 19.3 22.6 106.7 106.5 112.2 35.4 4.7 106.5 107.2 4.9 0 7.1 22.3 5.9 35.7 35.5 35.3 35.4
32.9 15.5 19.7 107.2 106.9 112.7 34.7 6.2 107 107.7 7.1 6.8 0 19.5 6.1 35 34.8 34.6 34.7
17.7 15.9 2.1 97.4 97.1 102 19.7 21.9 97.2 97.8 22.4 22.1 19.9 0 21.5 20.1 19.9 19.7 19.6
35.7 19 22.2 108.5 108.2 114 37.5 3.3 108.2 108.9 7.8 6 6.4 22 0 37.8 37.6 37.4 37.5
11 38.2 24.7 92.8 92.5 97.5 3.4 43.6 92.5 93.2 43.1 42.8 43.3 25.1 44.7 0 3.1 3.4 5.3
11 38.9 25.1 94.8 94.5 99.6 3.1 44.5 94.6 95.2 44 43.7 44.2 25.5 45.6 3.2 0 3 5
10.7 40 25.9 95.7 95.5 100.5 4.5 45.3 95.5 96.1 44.8 44.5 45 26.3 46.4 4.2 4.2 0 5.9
9.7 36.1 23.6 92 91.8 96.6 4.1 42.4 91.8 92.4 41.9 41.6 42.1 24 43.5 5.2 4.8 4.1 0
