0 92 112.9 134.1 82.5 143.4 119.8 79.4 113.3 125.5 72.4 80.8 146.4 146.2 143.5 112.9 112.4 86 111.9 103.4 152 69.9 108.6 113.1 128.3 128.6 123.8 81.9 117.4 117.7 117.1 95.8 111.7 90.7 88.7 147.6 116.9 119.9 127 124.7 101.8 67.1 120.2 113.3 103.2 111.9 102.8 103.6 125.4 146.1 146.2 138.5 127.3 146.9 106.9 126.1 82.9 125 68.5 113.2 91.1 95.4 95.1 95.5 101.2 101.2 79.8 96.8 91.3 96.7 94.9 99.6 68.3 70.4 69.2 70.2 143.1 113.1 112.9 69.3 69.9 112.7 103 69.7 69.9 93.1 123.1 96.8 82.6 115.8 112.4 119 123.2 130.4 103.5 100.5 112.2 98 129.2 93 123.4 112.7 125.3 143.6 122.9 123.1 130.2 127.9 125.5 120.1 102.4 142.3 97.6 97.6 95.4 144 106.4 110
26.5 0 64.1 89.2 28.1 98.6 73.2 13.6 64.6 79.5 28.9 23 101.7 101.4 98.7 63.9 63.4 36.5 62.9 54.1 107.2 26.9 58.1 64.1 83 83.7 77 32.8 69.7 70.2 69.4 16 62.7 41.4 37.1 102.8 69.1 73.4 82.1 79.4 56.6 26.9 71.9 53.5 32.5 62.9 32 33 80.4 101.3 101.4 93.8 81.7 102.1 57 80.1 29 79.9 27.2 64.2 27.5 16.4 16.2 13.3 37.2 37.2 13.4 32.4 27.7 15.7 15.3 50.1 25.6 27.8 29.2 27.5 98.3 64.3 64.1 29.3 27.3 63.9 53.6 26.5 28.2 41.6 73.7 45.4 28.3 66.5 63.4 71.3 73.9 85.3 32.8 55.4 63.2 48.6 83 25 76.4 63.7 80.3 98.8 73.5 73.7 85.3 82.5 79.6 71.7 51.2 97.5 48.1 48.1 33.1 99.2 57.2 60.7
51.2 66.8 0 43.6 63.2 82.3 42.4 59.1 2.1 20.9 47 54.2 42.6 42.3 82.4 33.3 33.9 36.3 34.2 39.2 48 47 87.7 33.4 24.3 68.8 63.2 38.4 22 20.6 21.4 73 49.3 28.4 68.5 43.5 21.4 42.6 41.2 41.5 73.6 49.3 101.5 50.2 67.4 3.9 68.7 69.2 39.7 42.3 42.4 37.2 23 43.1 78.6 48.5 63.7 41.2 48.1 33.4 68.9 72.6 72.3 72.7 78.5 78.5 59.5 74.4 69.1 73.8 72.2 35 48.5 46.9 49.6 46.5 82.1 4.4 1.9 49.5 46.9 1.8 38.7 48.1 47.9 72.5 104.7 75.9 63.3 96.2 50 57.6 104.9 70.9 67.4 72.5 49.9 39.5 111.9 65.7 62.7 50.4 40.4 82.6 104.5 104.7 61 23.8 65.3 101.4 81 81.4 32.9 32.9 73 82.8 40.9 44.6
72.8 89.3 40.4 0 85.5 120.7 16.7 80.7 40.8 25.2 68.4 75.6 34.6 34 120.8 67.4 67.9 54.1 68.2 52.6 39.8 68.4 112.8 67.4 29.9 105.8 99 72.5 55.9 54.7 55.6 95.4 84.4 63 91.1 48.6 55.4 16.5 11.4 11.8 97.2 70.9 126.6 40.9 62.5 40.4 63.9 64.6 10.3 33.7 34.3 42.3 28.6 33 102.9 57.3 86 11.5 69.6 67.5 91.1 94.8 94.4 94.9 102.2 102.2 81.1 97.3 91.3 96.2 94.3 46.3 70 68.3 71.2 67.9 120.4 39.3 40.4 71.1 68.4 40.3 52.1 69.6 69.3 95.7 129.8 99.6 85.6 121.2 85.2 93.4 129.9 107.4 62.5 96 85 59.1 137.7 75.7 98.4 85.5 10.8 120.9 129.6 129.8 95.5 29.4 101.7 126.4 105.4 119.5 50.2 50.2 95.7 121.3 75 35.1
18 28.8 61.9 85.6 0 93.2 69.6 16.5 62.3 75.9 21.9 30.4 98 97.7 93.2 61.8 61.3 33.8 60.8 51.9 103.5 20.3 35 62.1 79.4 80 73.7 29.8 66.8 67.2 66.5 29.1 60.6 38.5 14 99.1 66.3 69.8 78.5 75.9 43.1 20.3 48.8 62.3 50.4 60.8 50 50.9 76.8 97.7 97.7 90.1 78 98.4 34 76.4 2.7 76.3 19.4 62.2 24.1 28.7 28.4 28.9 30.3 30.3 16.8 25.8 24.4 30.1 28.2 47.7 20.1 20.3 18.6 20.1 91.3 62.1 61.9 18.7 19.9 61.8 51.4 20.3 20.1 18.3 52.1 22.1 1.7 43.5 61.3 68.5 52.3 81.7 50.8 48.9 61.1 46.2 59.5 42.6 73.2 61.7 76.7 91 51.9 52.1 81.6 78.8 76 48.6 28.1 92.2 45.7 45.7 19.1 92.6 54.8 58.8
83.4 98.5 83.2 120.7 93.3 0 117 90.4 83.6 97.5 79.7 86.1 109.7 110.5 1.6 59.1 59.4 87.1 59.7 97.4 104.1 79.7 63.9 59.4 98.4 21.6 26.2 72 71.1 73.1 72.3 104.6 40.3 65.5 86 94.5 71.6 117.2 118.4 118.7 91.6 81.8 50.9 108.2 107.8 82.2 107.5 108.4 116.7 110.4 110.5 84.3 98 111.2 82.4 72.3 93.8 118.3 80.7 59 100.3 104 103.7 104.2 95.3 95.1 90.7 100.2 100.5 105.4 103.6 92.9 81.1 79.6 82.1 79.3 3.6 83.4 83.2 82 79.7 83.1 96.8 80.7 80.5 89.6 70.3 85 93.3 61.1 39.7 49.9 70.1 16.9 108.2 105.2 39.6 78.8 47.1 97.3 26.2 40.4 117.5 4 70.4 70.2 34.4 97.9 28.7 50.6 78.2 3.2 90.8 90.8 101.2 2.1 55.4 104.4
56.7 73.3 39.9 17 69.5 116.9 0 64.7 39.9 28.2 52.4 59.6 46.1 45.6 117 69.3 69.8 38.3 70.1 37.5 51.3 52.4 96.8 69.3 33 102 95.2 56.5 57.8 56.6 57.5 79.4 80.5 55.1 75.1 51.9 57.3 1.6 10 8 81.1 54.8 110.6 26.2 47.3 41 48.6 49.2 8.9 45.3 45.9 46 31.7 44.5 86.9 60.5 70 8.4 53.6 69.4 75 78.8 78.4 78.9 86.2 86.2 65.1 81.3 75.3 80.2 78.3 31.5 54 52.3 55.2 51.9 116.6 41.3 40.1 55.1 52.4 40 37 53.6 53.3 79.7 113.8 83.6 69.5 105.2 81.3 89.6 113.9 103.6 47.3 80 81.2 43.1 121.7 59.7 94.6 81.7 8.7 117.1 113.6 113.8 97.4 32.5 97.9 110.4 89.4 115.7 35.4 35.4 79.7 117.5 74.3 20.1
17.2 16 61.8 84.3 18.5 93.8 69.7 0 62.2 76.6 21.3 22.3 96.2 95.9 93.9 61.6 61.1 32 60.6 50.8 100.8 19.2 50.4 61.9 79.8 80.2 74.5 28.4 67 67.4 66.7 22 60.3 37.2 28.1 97 66.5 69.9 77.8 75.5 50.9 17 64.3 62 39.3 60.6 38.8 39.8 76.4 95.9 96 89.4 78.6 96.6 49.3 77.2 19.4 75.9 19 62 18.5 22.5 22.2 20 29.9 29.9 2.1 24.9 18.7 21.6 21.9 46.4 17.9 19.6 21.1 19.4 93.7 62 61.8 21.2 19.1 61.6 50.2 19.1 20.1 32.8 67.6 36.9 18.8 58.9 61.1 68.8 67.8 82.2 39.7 49.6 60.9 44.8 75 31.5 73.9 61.5 76.3 94.1 67.4 67.6 82.1 79.3 76.6 64.1 43.1 92.9 44.2 44.2 24.3 94.3 54.2 58.1
51.3 66.9 2.1 43.8 63.3 82.6 42.2 59.3 0 21.1 47.1 54.3 42.8 42.6 82.7 33.6 34.1 36.1 34.4 39 48.2 47.2 88.2 33.6 24.6 68.9 63.3 38.6 22.2 20.9 21.7 73 49.4 28.7 68.5 43.7 21.7 42.4 41.4 41.7 73.6 49.5 102 50 67.1 4.3 68.4 68.9 39.9 42.5 42.6 37.5 23.3 43.3 78.5 48.7 63.7 41.4 48.3 33.6 68.9 72.6 72.3 72.7 78.5 78.5 59.6 74.4 69.1 73.9 72.2 34.9 48.7 47.1 49.8 46.7 82.2 4.8 2.4 49.7 47.1 2.3 38.5 48.3 48 72.5 105.2 75.9 63.3 96.6 50.2 57.7 105.3 70.9 67.1 72.5 50 39.7 112.4 65.7 62.8 50.6 40.6 82.7 105 105.2 61.1 24.1 65.3 101.9 81 81.4 32.8 32.8 73 83.1 41.1 44.4
63.1 79.7 19.6 26.3 75.9 97.5 28.9 71.2 20 0 58.7 66 26.1 25.8 97.6 45 45.5 49.9 45.8 52.6 31.2 58.8 103.1 45 8.2 82.6 75.8 50.6 34.3 33.1 33.9 85.8 61.2 41.2 81.5 26.8 33.8 28.7 23.8 24.1 87.5 61.2 117 52.1 73.7 19.6 75.2 75.8 22.5 25.8 25.8 20.9 6.8 26.5 93.3 34.9 76.4 23.8 59.9 45 81.5 85.2 84.9 85.4 92.6 92.7 71.5 87.7 81.7 86.6 84.8 48.6 60.3 58.7 61.6 58.2 97.2 18.5 19.6 61.5 58.7 19.5 52.1 60 59.7 86.1 120.1 90 75.9 111.6 62 70.2 120.3 84.2 73.7 86.4 61.8 51.7 127.3 78.5 75.2 62.3 23.1 97.7 119.9 120.1 72.4 7.7 78.5 116.8 95.8 96.4 46.7 46.7 86.2 98.1 51.9 46.5
12 35.4 51.3 72.4 27.2 81.2 58.9 24 51.7 65.2 0 21 83.3 83.1 81.2 51.3 50.8 21.7 50.3 40.9 87.5 6.2 53.8 51.6 68.2 68.6 63.4 17 56.3 56.6 55.9 40.7 50.1 27 33.5 84 55.8 59.1 66.4 64.3 36.8 9.5 66 51.8 44.8 50.2 44.3 45.3 65.1 83.1 83.1 77.1 67.1 83.7 42.5 65.8 27.6 64.7 7.6 51.7 35.8 40.2 39.9 40.4 46.5 46.5 24.4 41.9 36 41.6 39.8 36.7 8.5 6.1 9.5 5.4 81 51.6 51.3 9.4 6.1 51.2 40.4 7.4 7.4 38 69.5 41.9 27.2 61.4 50.8 58 69.6 70.5 45.1 35.3 50.7 35 75.4 33.9 62.8 51.2 65 81.4 69.3 69.5 70.4 67.8 65.2 65.9 47.7 80.4 34.6 34.6 40.3 81.6 44.3 48.1
16.2 23.3 52.5 75.5 30 84.9 60.1 19.5 52.9 66.7 16.3 0 87.9 87.7 85 52.3 51.8 23.5 51.3 41.8 93.5 14.2 56.8 52.6 69.8 70.1 64.7 20.2 57.5 57.9 57.2 35.8 51.1 28.5 35.9 89.1 57 60.3 68.4 65.7 44.5 14.4 69.3 46.4 24.7 51.3 24.3 25.2 66.7 87.6 87.7 80.1 68.6 88.4 50 67.3 30.5 66.2 14.6 52.7 33.3 36.1 35.8 32.7 44.2 44.2 19.9 39.4 33.5 35.2 35 37.5 13.1 15.2 16.5 15 84.6 52.7 52.5 16.6 14.7 52.3 41.3 13.8 15.6 40.4 72.5 44.3 30.1 64.5 51.8 59.3 72.6 72.1 25.1 43.2 51.7 35.9 80.4 14 64.2 52.2 66.6 85.1 72.3 72.5 71.9 69.3 66.7 69.1 50.1 83.8 35.4 35.4 37.9 85.5 45.1 48.9
85.9 101.9 42.8 37.5 98 109.7 49 93.3 43.2 27.6 82.2 88.5 0 3.2 109.8 62.7 63.1 73.9 63.4 76.5 9.3 82.2 125.3 62.8 22.7 100.2 87.3 74.6 58.4 57.2 58 107.9 83 65.3 103.6 19.4 57.9 48.8 43.5 43.8 109.6 84.3 139.1 72.6 92.2 42.7 93.6 94.3 42 3.2 3 32.8 24 4.5 115.4 48 98.5 43.5 83.2 62.2 103.6 107.3 107 107.5 114.8 114.8 93.7 109.8 103.9 108.7 106.9 72.7 83.6 82.1 84.5 81.8 109.4 41.6 42.8 84.4 82.2 42.6 76.1 83.2 83 108.2 142.3 112.1 98 133.7 83.7 92.3 142.4 96.4 92.2 108.5 83.6 75.7 149.3 100.7 88 84 42.7 109.9 142.1 142.3 83.3 23.2 99.8 138.9 117.9 108.6 70.8 70.8 108.3 110.3 69.6 67
87.2 101.6 43.3 37.6 97.8 110.7 49.4 94.2 43.7 27.8 83.5 89.9 3.2 0 110.8 64.8 65.1 75.1 65.4 77.7 10.4 83.5 125 64.9 22.8 101.2 89.6 75.7 59.2 58 58.8 107.7 85.5 66.3 103.4 20.6 58.7 49.2 43.8 44.1 109.4 85.6 138.8 73.5 92.4 43.2 93.5 94.1 42.2 2 2.4 34.4 24.2 3.5 115.1 49.8 98.2 43.8 84.5 64.2 103.4 107.1 106.7 107.2 114.5 114.5 94.6 109.6 103.6 108.5 106.6 73.8 84.9 83.4 85.9 83 110.4 42.1 43.3 85.8 83.5 43.1 77.2 84.5 84.3 107.9 142 111.9 97.9 133.5 86.2 92.9 142.2 97.4 92.4 108.3 86.1 76.9 149.2 100.4 90.2 86.5 43 110.9 141.8 142 85.7 23.3 100.4 138.7 117.7 109.5 71.9 71.9 108 111.3 71.8 67.8
83.5 98.7 83.3 120.8 93.3 1.6 117.1 90.5 83.6 97.6 79.7 86.1 109.8 110.6 0 59.2 59.5 87.1 59.8 97.5 104.2 79.8 63.9 59.4 98.5 21.7 26.3 72 71.2 73.2 72.4 104.7 40.3 65.5 86 94.6 71.7 117.3 118.5 118.8 91.5 81.9 50.9 108.3 108 82.2 107.6 108.5 116.8 110.6 110.6 84.3 98.1 111.3 82.4 72.4 93.7 118.5 80.8 59.1 100.4 104.1 103.8 104.3 95.2 95.1 90.8 100.2 100.6 105.5 103.7 93 81.1 79.7 82.1 79.3 3.7 83.5 83.3 82 79.7 83.1 96.9 80.8 80.5 89.6 70.2 84.9 93.3 61.1 39.8 49.9 70.1 17 108.3 105.3 39.7 78.8 47 97.5 26.2 40.5 117.6 3.9 70.3 70.2 34.5 98 28.7 50.6 78.1 3.3 90.9 90.9 101.2 2.1 55.4 104.5
52.8 69 34.3 71.7 65.2 60.7 72.9 61 34.8 49.1 48.4 55.9 64 64.8 60.8 0 3.8 57.1 4.3 67.2 58.5 48.5 89.7 2.7 50 49.1 38.3 39.7 17.3 19.5 18.6 75.3 28 32.4 70.7 48.8 17.9 73.1 69.4 69.7 76 50.9 83 77.4 77.5 33.3 77.2 78 68 64.7 64.8 34.6 49.6 65.5 81.1 20.4 65.7 69.4 49.6 2.3 71.1 74.9 74.6 75 81 81.1 61.4 76.7 71.3 76.2 74.4 63.1 50.1 48.4 51.2 48 60.6 33.8 34.3 51.1 48.4 34.2 66.7 49.6 49.4 74.8 104.6 78.4 65.3 91.9 28.7 46.1 104.7 47.6 77.9 74.9 28.6 47.3 90.6 67.8 39 29.1 68.7 61 104.4 104.6 33.6 49.4 45.2 82.4 83.6 59.7 61 61 75.3 61.3 12.1 73.9
51.1 67.2 34.2 71.2 63.5 59.9 72.3 59.2 34.7 48.8 46.8 54.2 63.7 64.5 60 2.9 0 55.3 2.6 65.4 58.3 46.8 87.8 2.5 49.8 47.5 37.8 38.1 17.5 19.6 18.7 73.5 26.5 30.9 68.8 48.7 18.1 72.5 68.9 69.2 74.1 49.2 81.1 75.6 75.7 33.2 75.3 76.1 67.5 64.4 64.5 34.7 49.4 65.2 79.2 20.7 63.9 68.9 47.9 3.6 69.2 73 72.7 73.2 79.2 79.2 59.6 74.9 69.5 74.3 72.6 61.3 48.4 46.7 49.5 46.3 59.8 33.7 34.2 49.4 46.8 34.1 64.9 48 47.7 73 103.4 76.5 63.5 90.7 27.3 44.5 103.5 47 76 73 27.2 45.6 89.5 66 38.4 27.7 68.2 60.2 103.2 103.4 33.1 49.3 43.5 80.6 81.8 59 59.3 59.3 73.5 60.5 10.8 72.1
20.2 36.2 33.7 54.1 32.6 85.9 38.1 28.2 33.8 49.8 16.1 23 71.9 71.6 86 51 50.5 0 50 19.6 77.4 16.1 58.8 51.2 53.3 71 64.3 20.3 51.1 50.3 50.8 42.8 49.8 25.6 38.1 73.1 50.5 38.3 47 44.4 43.4 18.4 72.7 30.7 44.8 34.8 44.4 45.3 45.3 71.6 71.7 66.6 52 72.4 49 67.4 33 44.9 17.1 51.3 38.5 42.4 42.1 42.5 48.4 48.4 28.6 44.1 38.7 43.7 41.9 15.8 17.6 16 18.6 15.7 85.6 35.1 33.9 18.5 16.1 33.8 19.2 17.1 16.9 42.4 75.8 45.9 32.6 67.3 50.5 58.6 76 72.6 45.2 42.3 50.4 13.9 83.8 34.9 63.6 50.8 45.2 86.1 75.6 75.8 72.6 52.7 66.9 72.5 51.5 84.8 13.8 13.9 42.7 86.5 44.4 26.9
50.2 66.1 34.3 70.9 62.5 59.8 72.1 58.3 34.7 48.8 45.9 53.2 63.5 64.3 59.9 3.5 2.5 54.4 0 64.4 58.1 45.9 86.7 3.8 49.7 46.5 37.8 37.3 17.7 19.8 18.9 72.4 25.8 30.2 67.8 48.6 18.2 72.3 68.7 69 73.1 48.3 80.1 74.5 74.6 33.2 74.2 75.1 67.2 64.2 64.3 34.7 49.4 65 78.2 20.8 62.9 68.7 47 4.1 68.2 72 71.7 72.1 78.1 78.1 58.6 73.8 68.4 73.3 71.5 60.3 47.5 45.8 48.6 45.4 59.6 33.7 34.3 48.5 45.9 34.1 63.9 47.1 46.8 72 102.8 75.4 62.5 90.1 26.5 43.6 102.9 46.9 75 72 26.4 44.7 88.9 64.9 38.4 27 67.9 60.1 102.6 102.8 33.2 49.2 42.6 79.5 80.7 58.8 58.3 58.3 72.4 60.3 10.2 71.1
38.4 54.2 37 52.9 50.8 97.4 37.8 46.4 37 53.1 34.1 41.3 74.7 74.5 97.5 62.3 61.8 20 61.2 0 80.3 34.1 77.3 62.6 56.4 82.4 75.7 38.4 54.6 53.4 54.2 60.5 61 36.5 56.1 75.9 54.1 38 46.2 43.8 61.6 36.5 91.1 15 32.9 38.1 34.3 34.9 44.7 74.4 74.5 69.5 55.2 75.2 67.4 78.8 51.2 44.2 35.2 62.7 56.3 60.1 59.8 60.2 66.7 66.7 46.8 61.9 56.6 61.4 59.7 7.9 35.7 34 36.8 33.6 97.1 38.4 37.2 36.7 34.1 37.1 1.8 35.3 35 60.2 94.3 64.1 50.8 85.7 61.8 70 94.4 84.1 32.9 60.5 61.6 24.5 102.2 45.7 75.1 62.2 44.6 97.6 94.1 94.3 84.1 55.9 78.4 90.9 69.9 96.2 8.3 9 60.5 98 55.3 21.4
90.8 107.4 44.8 39.9 103.5 104.2 51.2 98.8 45.2 30.3 86.4 93.7 8 8.8 104.3 54.2 54.5 77.4 54.8 80.2 0 86.4 130.8 54.2 25.5 94.7 81.7 77.7 60.4 59.1 60 113.4 76.9 67.5 109.1 12 59.8 51 45.8 46 115.2 88.9 134.8 76.1 97.7 44.7 99.2 99.8 44.1 8.8 8.7 24.6 26.8 9.5 120.9 39.3 104 45.7 87.6 53.5 109.1 112.8 112.5 113 120.3 120.3 99.2 115.4 109.4 114.3 112.4 75.8 88 86.3 89.2 85.9 103.8 43.7 44.8 89.1 86.4 44.7 79.7 87.6 87.3 113.7 147.8 117.6 103.6 139.2 77.7 94.6 147.9 90.9 97.7 114 77.5 79.3 143.7 106.2 82.4 78.1 44.9 104.3 147.6 147.8 77.1 25.9 94.2 134.1 123.5 103 73.7 73.7 113.8 104.7 61.6 70
10.7 38.7 59.3 83.7 29.4 93.8 68.1 25.1 59.8 75.4 7.1 21.4 96.3 96 93.9 59.3 58.8 25.1 58.2 47.3 101.1 0 61 59.6 78.9 79.2 73.2 19.7 65 65.4 64.7 44.8 57.9 31.2 36.8 97.1 64.5 68.3 76.8 74.3 45.2 7.6 75.2 59.8 49.7 58 49.2 50.3 75.2 96 96 89.1 77.6 96.7 51.8 76.1 29.8 74.7 6.2 59.7 39.1 44.3 44 44.5 51.6 51.6 25.5 46.2 39.4 46 43.8 42.5 6.3 3.6 9.6 3.1 93.6 59.6 59.3 8.9 3.4 59.2 46.7 4.3 6.4 42.1 78.7 46.5 29.4 69.8 58.7 67 78.8 81.5 50.1 43.6 58.5 40.4 86.1 36.9 72.6 59.1 75.1 94.1 78.5 78.7 81.4 78.3 75.4 75.1 53.4 92.9 40 40 44.4 94.3 51.2 55.6
46.5 60.8 88 112.9 36.4 64 96.9 48.4 88.4 103.1 49.9 59 125.2 125 64 87.9 87.4 62.2 87 78.9 130.7 48.8 0 88.1 106.6 78.6 82.4 58.4 93.3 93.7 93 60.4 72.2 66.7 28.7 126.4 92.7 97.1 105.7 103.1 41.4 49 17.8 88.4 80 87 79.6 80.4 104.1 124.9 125 117.3 105.3 125.7 32.2 103.6 36.9 103.6 47.9 88.2 53.5 59.9 59.6 60 39 38.9 48.8 43.9 53.7 61.3 59.4 75.1 48.6 48.8 47.1 48.6 62.4 88.2 88 47.2 48.4 87.9 78.5 49 48.7 33.1 32.7 27.6 36.5 11.9 72.1 66.6 32.8 74.4 80.3 55.1 71.8 73.7 29.1 70.5 82.3 71.1 104 62.1 32.5 32.7 89.4 106.1 62 17.7 19.8 63.2 73.3 73.3 44.8 63.5 81.6 85.1
53.5 70 34.8 72.9 66.2 61.7 74.1 61.9 35.2 49.8 49.1 56.6 65.4 66.2 61.8 2.3 2.6 57.8 3.9 68.2 59.8 49.1 91.2 0 51 49.7 38.8 40.1 17.4 19.6 18.7 76.5 28.2 32.7 71.7 49.9 18 74.3 70.6 70.9 77.2 51.6 84.4 78.7 78.8 33.6 78.4 79.2 69.1 66.1 66.2 35.4 50.6 66.9 82.4 20.9 66.6 70.5 50.2 2.5 72.1 76 75.7 76.2 82.3 82.3 62.2 77.9 72.4 77.4 75.6 64 50.7 49 51.9 48.5 61.5 34.2 34.8 51.8 49 34.6 67.7 50.3 50 76 105.5 79.6 66.2 93.2 28.9 46.7 105.6 48.3 79.1 76 28.8 47.8 92.1 68.8 39.5 29.4 69.8 62 105.4 105.5 34.1 50.5 45.7 83.8 85 60.7 61.9 61.9 76.5 62.3 12 75.1
70.1 84.8 24.6 33.1 81.4 98.5 36 77.6 25 8.9 66 72.9 23.1 22.8 98.6 49.4 49.8 57 50.1 59.8 28.6 66 106.7 49.5 0 86.7 78.3 57.7 40.4 39.1 39.9 90.6 68.2 47.8 86.3 25.4 39.8 35.8 30.5 30.8 91.2 68.3 120.5 60.6 80.4 24.5 81.6 82.2 29 22.8 22.8 19.1 4.3 23.5 96.8 34.1 81.8 30.5 67.1 48.8 86.7 90.2 89.9 90.3 96.1 96.2 77.9 91.8 86.9 91.4 89.8 55.7 67.5 66 68.6 65.6 98.2 23.4 24.6 68.5 66 24.4 59.3 67.1 66.9 90.1 123.7 93.5 81.5 115.1 68.9 76.1 123.8 86.2 80.4 90.1 68.8 58.9 130.8 83.7 78.9 69.3 29.7 98.7 123.5 123.6 74.2 2.7 83.3 120.3 99.3 97.3 53.6 53.6 90.6 99.1 56.7 54.7
67 83.6 67.1 105.8 79.8 19.3 102 75 67.6 82.6 62.6 69.9 100.2 101 19.4 44.6 44 71.1 43.5 82.4 94.6 62.6 76.8 44.9 86.1 0 13.6 53.9 57.6 59.8 58.9 89.7 21.4 47.1 85.4 85 58.1 102.2 103.5 103.8 91.4 65.1 63.4 93.3 92.9 65.9 92.5 93.5 101.8 101 101 73.9 84.8 101.7 85.2 60.2 80.2 103.4 63.8 45 85.4 89.1 88.7 89.2 96.5 96.5 75.4 91.6 85.6 90.5 88.6 78 64.2 62.6 65.5 62.1 18.8 67.4 67.2 65.3 62.6 67 81.9 63.9 63.6 90 82.2 93.9 79.8 73.9 21.4 40.8 82.1 22.1 93.3 90.3 21 62.3 58.9 82.4 13 20.2 102.6 19.3 82.4 82.2 21.7 85.5 19.9 63 92.5 17.9 75.9 75.9 90.1 19.5 36.8 89.5
61.9 76.9 61.6 99 73.1 24.5 95.3 69.3 62 75.8 57.8 64.7 87.3 88.1 24.6 35.2 35.6 65.7 35.9 75.7 81.7 57.9 80.8 35.5 76 14.4 0 49.6 48 50.1 49.2 82.9 17.4 42.6 78.6 72 48.5 95.5 96.7 97 84.7 60.1 68 86.5 86.2 60.5 85.8 86.7 95.1 88 88.1 62.1 75.6 88.8 90.4 49.2 73.5 96.7 58.9 35.2 78.6 82.3 82 82.5 89.8 89.8 69.6 84.8 78.9 83.7 81.9 71.2 59.3 57.8 60.4 57.4 24.5 61.8 61.6 60.3 57.8 61.5 75.1 59 58.7 83.2 86.2 87.1 73.2 77.9 16.8 35.5 86.1 12.1 86.6 83.5 16.8 56.8 64.4 75.7 2.6 17.5 95.8 24.9 86.3 86.2 10.8 75.5 28 67.7 92.9 23.6 69.4 69.4 83.3 25 32.1 82.7
16.6 32.8 34.9 72.3 28.9 68.2 57.1 24.8 35.3 49.8 12.7 19.8 71.2 70.9 68.3 34.9 34.4 20.9 33.8 38.6 76.7 12.7 55 35.2 53.1 53.4 47.8 0 40.1 40.5 39.8 39.8 33.6 11.5 34.6 72.4 39.6 57.3 66 63.4 40.2 14.9 68.8 49.3 41.9 33.7 41.5 42.4 64.3 70.9 71 63.3 51.8 71.7 45.7 50.4 29.3 63.9 13.6 35.3 35.2 39.3 39 39.4 45.7 45.8 25.2 41.1 35.4 40.6 38.8 34.4 14.2 12.6 15 12.2 67.9 35.1 34.9 14.9 12.7 34.7 38.1 13.6 13.5 39 72 42.8 28.9 63.4 34.3 42 72.1 55.5 42.3 38.9 34.2 22.2 79.9 31.5 47.2 34.7 64.2 68.4 71.8 72 55.4 52.6 49.8 68.6 48.5 67 32.4 32.4 39.7 68.8 27.7 45.6
56.1 71.6 21.4 58.8 68.1 70.4 60 64 21.8 35.9 51.9 59.1 57.8 57.5 70.5 16.4 16.9 53.9 17.2 56.8 63 51.9 93.3 16.3 39.4 59.6 49.3 43.3 0 4.7 3.9 77.7 39.2 33.1 73.2 58.7 2.8 60.1 56.4 56.7 78.3 54.3 94.1 67.3 79.7 20.3 79.4 80.2 54.9 57.5 57.6 45.4 38.1 58.3 83.4 31.6 68.5 56.4 53.1 16.4 73.6 77.3 77 77.4 83.1 83.1 64.4 79 73.8 78.5 76.9 52.7 53.5 51.9 54.6 51.4 70.2 20.9 21.4 54.5 51.9 21.2 56.3 53.1 52.8 77.2 110.3 80.5 68.1 101.7 39.9 56.7 110.4 58.2 80.1 77.2 39.8 44.4 103 70.5 50 40.3 55.7 70.7 110.1 110.3 44.7 38.9 55.9 93.4 86 69.5 50.6 50.6 77.7 70.9 23.9 62
56.4 71.9 20.1 57.5 68.3 72.3 58.7 64.3 20.4 34.6 52.2 59.4 56.5 56.3 72.4 18.4 18.9 52.7 19.2 55.5 61.8 52.3 93.8 18.4 38.1 61.6 51.4 43.6 4.7 0 3.1 78 41.3 33.4 73.5 57.4 3.7 58.9 55.2 55.5 78.5 54.6 96.4 66 80 19 79.6 80.4 53.6 56.2 56.3 47.5 36.8 57 83.9 33.7 68.7 55.1 53.4 18.4 73.9 77.5 77.2 77.7 83.3 83.3 64.7 79.2 74.1 78.8 77.1 51.4 53.8 52.2 54.9 51.8 72.1 19.6 20 54.8 52.2 19.9 55 53.4 53.1 77.4 110.8 80.8 68.4 102.2 42.1 58.3 110.9 60.2 80.3 77.4 41.9 44.7 105.2 70.7 52 42.5 54.4 72.5 110.6 110.8 46.8 37.6 57.9 95.7 86.4 71.3 49.3 49.3 77.9 72.7 25.9 60.7
55.8 71.3 20.8 58.4 67.8 71.6 59.5 63.7 21.2 35.4 51.6 58.8 57.4 57.1 71.7 17.5 18.1 53.5 18.4 56.4 62.7 51.6 93 17.5 39 60.8 50.6 42.9 3.9 3.1 0 77.4 40.5 32.7 72.9 58.3 2.3 59.7 56 56.3 78 54 95.4 66.9 79.5 19.8 79.1 79.9 54.5 57.1 57.2 46.6 37.7 57.9 83.1 32.8 68.2 56 52.7 17.6 73.3 77 76.7 77.1 82.8 82.8 64.1 78.7 73.5 78.2 76.6 52.3 53.2 51.5 54.3 51.1 71.4 20.4 20.8 54.2 51.6 20.7 55.9 52.7 52.5 76.9 110 80.2 67.8 101.5 41.2 57.6 110.1 59.4 79.8 76.9 41.1 44.1 104.3 70.1 51.2 41.6 55.2 71.8 109.8 110 46 38.4 57.1 94.7 85.7 70.6 50.2 50.2 77.4 72 25.1 61.6
37 20.6 80.2 101.3 34.7 110.3 87.7 24.1 80.6 94.1 40.9 42.3 112.5 112.3 110.4 80 79.5 51.2 79 69.8 116.9 38.9 66.2 80.3 97.1 97.5 92.1 47.4 85.1 85.5 84.8 0 78.8 56.4 44 113.3 84.7 87.9 95.3 93.1 70.3 36.8 79.5 71.7 51.3 79.1 52.1 53.1 93.9 112.3 112.3 106.2 96 112.9 65.2 94.7 35.7 93.5 38.7 80.4 27.3 6.9 5 6.9 32.3 32.3 23.8 27.1 27 3.5 3.5 65.5 37.5 39.3 40.8 39 110.1 80.4 80.2 40.9 38.8 80 69.3 38.9 39.7 46.4 71.6 52.9 35 74.4 79.5 86.8 71.7 99.4 51.3 69.1 79.4 64 89.7 44.7 91.6 79.9 93.8 110.5 71.4 71.6 99.3 96.7 94.1 79.4 57.5 109.5 63.4 63.4 33.6 110.7 72.9 76.7
48.9 64.7 48.6 84.3 61.1 39.3 80.6 56.9 49 63.4 44.6 51.9 82.4 83 39.4 25.9 25.4 53.1 24.9 62.9 77 44.6 71 26.2 66.6 22.9 18.1 36 38.8 41 40.1 70.9 0 28.9 66.4 68.5 39.4 80.8 82.1 82.3 71.6 47 58.8 73 73.1 47.4 72.7 73.5 80.4 83 83 55.6 65.4 83.7 76.5 42.1 61.5 82 45.8 26.3 66.7 70.5 70.2 70.6 76.5 76.5 57.3 72.3 67 71.7 70 58.9 46.2 44.6 47.3 44.1 39.1 48.8 48.6 47.2 44.6 48.4 62.5 45.8 45.5 70.4 95.8 73.9 61.1 68.2 2.6 21.9 95.9 26.2 73.4 70.4 2.7 43.4 67.1 63.5 17.5 3.4 81.2 39.6 96 95.8 26 66.1 19.1 58.2 79 38.3 56.9 56.9 70.9 39.8 18.4 69.6
28.4 45.4 29.5 68 41.4 67.1 59.4 37.1 30 45.3 24 31.8 67.1 66.8 67.2 32.3 31.8 29.2 31.3 40.2 72.2 24 68.3 32.6 48.8 51.9 45.9 14.8 34.9 35.2 34.5 52.5 31 0 47.3 68 34.3 59.6 65.7 66 53 26.5 80.8 51.6 54.8 28.3 54.4 55.3 64.2 66.8 66.8 61.9 47.5 67.5 58.7 48.7 41.9 65.7 25.1 32.7 47.8 52 51.7 52.2 58.7 58.7 37.5 53.9 48.1 53.4 51.5 35.8 25.6 24 26.7 23.5 66.9 29.8 29.5 26.6 24 29.4 39.6 25.1 24.9 51.8 83.8 55.7 41.4 76 31.7 39.6 83.9 54.3 55.2 51.8 31.6 18.6 90.4 44.1 45.3 32.1 64.9 67.4 83.6 83.8 54.2 48.3 48 80.7 61.5 66.1 33.6 33.6 52.4 67.6 25 47.7
23.5 37.7 66.7 91.9 13.9 86.4 75.9 25.1 67.2 82.1 27.3 35.9 104.2 104 86.4 66.1 65.6 39.3 65.1 56.5 109.7 25.7 27.3 66.4 85.6 86.3 79.5 35.4 72.3 72.7 72 37.4 64.9 43.9 0 105.4 71.7 76.1 84.7 82.1 36.2 25.9 41.1 67.1 57.6 65.5 57.2 58 83.1 103.9 104 96.3 84.3 104.7 27.2 82.7 14.2 82.6 24.8 66.5 26.8 36.9 36.6 37.1 27.4 27.4 25.5 22.9 27 38.3 36.5 52.6 25.5 25.7 24.1 25.6 84.5 66.9 66.7 24.1 25.3 66.5 56 25.9 25.6 7 40.4 10.8 13.9 35.8 65.7 73.9 40.6 87.9 57.9 49.5 65.5 51.2 51.8 47.8 78.9 66.1 83 84.2 40.2 40.4 87.9 85.1 82.2 41 16.8 85.4 50.7 50.7 18 85.9 59.2 63.3
86.4 103 41.4 49.7 99.2 94.5 52.6 94.4 41.9 26.2 82 89.3 17.6 18.4 94.6 45.5 45.9 73 46.2 75.9 12.4 82.1 126.4 45.6 23.1 85 72.1 73.3 56.6 55.5 56.2 109.1 67.2 63.2 104.8 0 56.1 52.4 47.4 47.7 110.8 84.5 125.2 76.6 98.3 41.4 99.7 100.3 45.9 18.3 18.3 15.9 22.7 19.1 116.6 30.4 99.7 47.4 83.2 44.9 104.8 108.5 108.2 108.6 115.9 115.9 94.8 111 105 109.9 108.1 71.4 83.6 82 84.9 81.5 94.2 40.2 41.4 84.7 82 41.3 75.3 83.3 83 109.4 143.4 113.3 99.2 134.9 68 85 143.6 81.2 98.3 109.7 67.9 74.9 134.1 101.8 72.8 68.4 46.6 94.7 143.2 143.4 67.5 22.5 84.6 124.5 119.1 93.4 69.4 69.4 109.5 95.1 52.6 70.6
55.7 71.2 20.9 58.3 67.6 70.9 59.5 63.6 21.3 35.4 51.4 58.6 57.3 57.1 71 16.9 17.5 53.4 17.8 56.4 62.6 51.5 92.8 16.9 38.9 60.2 49.9 42.8 2.8 3.8 2.3 77.3 39.7 32.6 72.8 58.2 0 59.7 56 56.3 77.8 53.8 94.7 66.8 79.3 19.8 79 79.8 54.4 57 57.1 45.9 37.6 57.8 82.9 32.1 68 55.9 52.6 17 73.2 76.8 76.6 77 82.7 82.7 63.9 78.6 73.4 78.1 76.4 52.2 53 51.4 54.1 50.9 70.8 20.4 20.9 54 51.4 20.7 55.9 52.6 52.3 76.8 109.8 80.1 67.7 101.2 40.5 57.3 109.9 58.7 79.7 76.8 40.4 43.9 103.5 70 50.5 40.9 55.2 71.2 109.5 109.7 45.3 38.4 56.4 94 85.4 70 50.1 50.1 77.2 71.4 24.4 61.6
57 73.5 40.6 17 69.7 117.1 1.7 64.9 40.6 28.3 52.9 59.8 46.5 45.9 117.2 69.5 70 39 70.3 38.2 51.8 52.9 97 69.5 33.2 102.2 95.4 56.9 58 56.8 57.7 79.6 80.7 55.3 75.3 52.4 57.5 0 9.9 7.9 81.4 55.2 110.8 26.7 48.1 41.7 49.4 50 8.8 45.6 46.2 46.3 31.9 44.9 87.1 60.3 70.2 8.2 54 69.6 75.3 79 78.6 79.1 86.4 86.4 65.3 81.5 75.5 80.4 78.5 32.1 54.4 52.9 55.5 52.5 116.8 42 40.8 55.4 52.9 40.7 37.7 54 53.8 79.9 114 83.8 69.8 105.4 81.6 89.8 114.1 103.8 48.1 80.2 81.4 43.7 121.9 60 94.8 81.9 8.6 117.3 113.8 114 97.7 32.7 98.1 110.6 89.6 115.9 36 36 79.9 117.7 74.5 20.6
68.2 82.8 41.8 13.6 79.6 118.4 11.6 75.6 42.3 25.7 64.1 70.9 44.1 43.5 118.5 68.4 68.9 50.1 69.1 49.3 49.7 64.1 105.7 68.4 30.6 103.5 96.7 68.1 57.6 56.3 57.2 88.8 83.6 64.6 84.6 50.3 57.1 11.3 0 4.6 90 66.4 119.5 37.7 59.2 41.8 60.5 61.1 3.4 43.2 43.8 44 29.3 42.4 95.8 58.8 80 4 65.2 68.4 84.8 88.4 88.1 88.5 95.1 95.1 75.9 90.1 85 89.6 88 43.1 65.6 64.1 66.7 63.6 118.1 40.6 41.8 66.6 64.1 41.7 48.8 65.2 65 88.6 122.7 92.5 79.7 114.1 84.3 91.1 122.8 105.1 59.2 88.9 84.1 54.9 130.6 71.3 96.1 84.6 4.3 118.6 122.5 122.7 93.3 30.1 99.4 119.3 98.3 117.3 47.1 47.1 88.7 119 75.2 31.3
67.2 82.4 43.1 14.4 79.1 118.7 9.6 74.9 43.5 26.6 63 70 45.4 44.8 118.8 70.1 70.6 48.6 70.9 47.8 51 63.1 103 70.1 31.6 103.8 98.1 67.2 59.1 57.9 58.7 88.5 85.6 66.2 84.2 51.7 58.6 9.4 4.7 0 89.2 65.4 116.8 35.9 57.9 43 59.3 59.9 4.4 44.5 45.1 45.2 30.3 43.7 94 60.3 79.5 2.3 64.2 70.2 84.4 88.1 87.8 88.2 93.8 93.8 75.2 89.7 84.6 89.3 87.7 41.5 64.6 63 65.7 62.5 118.4 41.8 43.1 65.6 63 42.9 47.3 64.2 63.9 88.1 120 91.4 79.1 111.5 86.3 93.1 120.2 105.4 58 88.1 86.2 53.5 128 70.5 97.6 86.7 4.1 118.9 119.8 120 95.1 31.1 99.8 116.7 96.4 117.6 45.5 45.5 88.4 119.3 77.1 29.5
36.3 56.2 72 97.2 41.5 91.6 81.2 45.5 72.5 87.5 29.9 42.8 109.6 109.3 91.5 71.5 71 43.5 70.4 61.6 115.1 32.1 38.6 71.8 91 91.6 84.9 39.8 77.6 78.1 77.3 60.2 70.2 47.9 35.2 110.7 77.1 81.4 90.1 87.5 0 34.5 50.2 72.5 65.5 70.8 65.1 66 88.4 109.3 109.4 101.7 89.6 110.1 11 88 41.9 88 33.2 71.9 55.9 59.6 59.3 59.8 60.8 60.8 45.8 56 56.2 61 59.2 57.2 33.7 32.1 34.8 31.6 89.7 72.3 72.1 34.6 32.1 71.9 61.1 33.2 33 39.6 67 43.2 41.5 46.5 71 79.2 67.1 93.3 65.9 14.9 70.8 55.8 60.6 55 84.3 71.4 88.3 89.4 66.8 67 93.3 90.4 76.1 49.5 48.8 90.6 55.1 55.1 50.7 91 64 68.6
6 32.2 51.5 71.5 24.5 80.2 58.7 18.5 51.9 64.7 9.1 17.9 83.2 83 80.3 51.5 51 23.5 50.5 41.6 88.7 6.3 51 51.7 67.5 67.8 62.9 19.1 56.2 56.5 55.9 35.3 50.3 28.4 30.7 84.4 55.7 58.8 65.8 63.8 39.9 0 62.8 51.9 41.4 50.4 40.9 41.8 64.5 82.9 83 75.9 66.4 83.7 45.3 65.2 24.8 64.1 6 51.8 30.5 34.9 34.6 35.1 40.9 41 18.8 36.4 30.7 36.3 34.4 37.6 4.3 6.9 8.7 6.7 79.9 51.7 51.5 8.8 6.2 51.3 41.1 5.9 7.4 35.1 65.7 38.9 24.5 58.3 50.9 57.8 65.8 69.7 41.7 38.6 50.8 36 71.8 30.7 62.4 51.3 64.5 80.4 65.5 65.7 69.6 67.1 64.7 62.7 44.6 79.1 35.6 35.6 34.9 80.8 44.8 48.4
60.2 73.7 101.6 126.8 50.6 51 110.8 62 102.1 117.1 63.4 71.9 139.2 138.9 51 81 80.5 75 80 91.2 134.7 62.4 18 81.3 120.6 66.4 70.4 71.4 94 96.2 95.3 73.2 59.8 79.1 43 125.1 94.5 111 119.7 117.1 51.3 62.6 0 102.1 92.4 100.4 92 93 118 138.9 139 111.2 119.2 139.7 41.6 97.5 51 117.6 61.5 81.4 66.8 72.8 72.5 72.9 53 52.9 62.4 57.7 67 74.1 72.4 87.1 62.2 62.4 60.8 62.2 49.2 101.9 101.7 60.9 62 101.5 90.7 62.5 62.3 47.2 42.3 41.8 50.6 14.6 59.8 53.9 42.4 61.9 92.8 64.8 59.4 85.8 15.8 82.7 70.3 58.7 117.9 49 42.5 42.3 77.8 120 49.1 2.2 33.8 50.1 85.3 85.3 58.5 50.5 74.1 98.2
48.4 52.9 47.1 41.4 60.8 108.2 26.2 55.9 47.2 52.1 44.4 45 70.6 70 108.3 73.1 72.6 30.8 72 14.7 76.1 44.5 88.1 73.4 56.8 93.3 86.5 48.3 65.2 64 64.9 62.5 71.8 46.7 66.4 76.6 64.7 26.4 34.6 32.2 72.5 46.7 101.9 0 23.1 48.1 24.3 25 33.1 69.7 70.3 70.2 55.5 68.9 78.2 85.3 61.3 32.6 45.5 73.5 66.3 65.1 63.7 62.2 77.5 77.5 55.6 72.6 66.6 61.3 63.9 18.5 45.9 44.4 47 44 107.9 48.4 47.3 46.8 44.4 47.2 14.6 45.5 45.3 71 105.1 74.9 60.8 96.5 72.6 80.9 105.2 94.9 23.1 71.3 72.5 35.4 113 35.7 85.9 73 33 108.4 104.9 105.1 94.9 56.3 89.2 101.7 80.7 107 18.8 19.5 71 108.8 65.6 10.7
40.7 34.9 68.3 65.7 52.2 107.9 50.5 37.8 68.4 76 40.6 26.6 92.2 91.7 108 75.8 75.3 48.3 74.8 35.5 97.8 38.7 80 76 80.2 92.9 87.3 44.6 80.6 81 80.3 46.3 74.6 53.2 60.4 98.3 80.2 50.7 58.9 56.5 68.5 38.7 92.2 25.7 0 69.4 3.4 4.7 57.4 91.4 92 91.9 79 90.6 73.7 89.8 53.1 56.9 39 76.1 51.7 47.6 47.3 44.3 62.3 62.3 37.5 57.7 51.9 45.1 46.6 39.5 37.4 39.5 41 39.3 107.6 69.7 68.6 41.1 39.1 68.4 35.4 38.3 40 64.7 95.4 68.3 52.4 87.2 75.3 82.2 95.5 94.6 2.3 67.3 75.1 56.5 103.4 16.3 86.8 75.6 57.3 108.1 95.2 95.4 94.6 79.7 89.2 92.1 73.7 106.7 39.7 40.6 57.1 108.5 69 34.1
50.8 66.8 4 44.2 63.1 82.5 44.2 58.9 4.4 21.1 46.5 53.8 43.2 42.9 82.6 32.8 33.3 38 33.6 40.9 48.7 46.5 87.2 32.8 24.6 68.8 63.1 37.8 21.2 19.9 20.6 73.1 48.8 27.7 68.4 44.1 20.7 44.4 41.7 42.1 73.7 48.9 100.3 52.1 69.5 0 70.7 71.3 40.2 42.9 43 37.8 23.3 43.7 78.7 48.2 63.5 41.7 47.6 32.8 68.8 72.6 72.3 72.8 78.7 78.7 59.3 74.4 69.1 73.9 72.2 36.7 48.1 46.4 49.2 46 82.4 4.4 3.8 49.1 46.5 3.7 40.4 47.7 47.4 72.6 103.5 76 63.1 95 49.6 57.3 103.7 70.9 69.5 72.6 49.4 38.9 110.7 65.5 62.5 50 40.9 82.8 103.3 103.5 60.9 24.1 65.1 100.2 81.2 81.6 34.5 34.6 73 83 40.4 46.4
40 34.2 69.1 66.5 51.4 107.5 51.5 37.1 69.2 76.6 40 26 93.7 93.1 107.7 74.9 74.5 47.6 74 36.6 99.2 38.1 79.1 75.2 80.8 92.6 86.4 43.9 79.8 80.1 79.5 46.6 73.7 52.5 59.6 99.7 79.3 51.7 59.8 57.4 67.6 38.1 91.9 26.8 3.5 70.1 0 4.6 58.3 92.8 93.4 93.3 79.7 92 72.8 89 52.4 57.8 38.4 75.3 50.9 46.9 46.6 43.6 61.5 61.5 36.9 56.9 51.2 46.1 45.9 40.6 36.7 38.9 40.3 38.7 107.2 70.4 69.3 40.4 38.4 69.2 36.5 37.6 39.3 63.9 95.1 67.5 51.7 86.5 74.4 81.4 95.2 94.3 4 66.5 74.3 57.4 103 15.6 85.9 74.8 58.2 107.7 94.9 95.1 94.2 80.3 88.6 91.7 72.9 106.4 40.8 41.6 56.3 108.1 68.2 35.1
41.7 35.8 70.9 68.3 53.3 108.5 53 38.7 71 78.5 41.6 27.5 94.3 93.7 108.6 77.1 76.6 49.4 76.1 37.9 99.8 39.7 81.4 77.3 82.8 93.9 88.8 45.6 82 82.4 81.7 48.4 75.9 54.3 61.6 100.3 81.5 53.2 61.5 59.1 69.7 39.7 93 27.9 4.8 72 4.7 0 60 93.5 94.1 94 81.6 92.8 75 91.2 54.2 59.5 40 77.5 52.8 48.7 48.4 45.3 63.5 63.5 38.5 58.9 53 47.6 47.6 42 38.3 40.5 42 40.3 108.2 72.2 71.1 42.1 40.1 71 37.8 39.3 41 65.9 96 69.6 53.5 88.6 76.6 83.6 96.2 95.7 3.9 68.6 76.5 59.1 104 16.9 88.2 77 59.9 108.7 95.8 96 95.6 82.3 90.6 92.9 75 107.3 42.2 43 58.2 109.1 70.3 36.4
67.6 82.5 40.8 12.5 79.3 116.7 10.5 75.1 41.3 24.6 63.4 70.3 43.1 42.5 116.8 67.8 68.3 49.2 68.5 48.4 48.7 63.5 104 67.8 29.5 101.8 95.7 67.5 56.8 55.5 56.4 88.6 83.3 63.9 84.3 49.4 56.2 10.3 3.5 4.4 89.2 65.8 117.8 36.6 58.4 40.8 59.7 60.4 0 42.2 42.8 43 28.2 41.4 94.1 58 79.7 3.8 64.5 67.8 84.6 88.2 87.9 88.3 93.8 93.8 75.5 89.8 84.8 89.4 87.8 42.1 65 63.4 66.1 63 116.4 39.6 40.8 66 63.4 40.7 47.8 64.6 64.3 88.2 121 91.5 79.3 112.4 84 90.7 121.1 103.4 58.4 88.2 83.8 54 128.9 70.8 95.2 84.3 2.6 116.9 120.8 121 92.8 29 97.7 117.6 96.6 115.6 46.1 46.1 88.5 117.3 74.8 30.2
86.9 101.6 43.1 37.1 97.7 110.5 48.8 93.8 43.5 27.7 83.1 89.5 3.2 2 110.6 64.4 64.7 74.7 65 77.3 10.3 83.1 125 64.4 22.7 101 89.1 75.4 58.9 57.7 58.5 107.6 85.1 66 103.3 20.4 58.4 48.6 43.3 43.6 109.4 85.2 138.8 72.9 91.7 43 92.8 93.4 41.7 0 2.4 34.1 24.1 3.1 115.1 49.5 98.2 43.2 84.1 63.8 103.3 107 106.7 107.2 114.5 114.5 94.1 109.5 103.6 108.4 106.6 73.5 84.5 83.1 85.5 82.7 110.2 41.9 43.1 85.4 83.1 42.9 76.9 84.1 83.9 107.9 142 111.8 97.8 133.4 85.8 92.5 142.1 97.2 91.7 108.2 85.7 76.5 149.2 100.4 89.7 86.2 42.4 110.7 141.8 142 85.2 23.2 100.3 138.6 117.6 109.4 71.5 71.5 108 111.1 71.3 67.1
87.4 101.6 43.3 37.9 97.9 110.6 49.7 94.4 43.8 27.8 83.6 90 3 2.4 110.7 64.8 65.1 75.2 65.4 77.8 10.3 83.6 125.1 64.8 22.8 101.1 89.6 75.8 59.3 58.1 58.9 107.7 85.6 66.4 103.4 20.5 58.8 49.5 44.1 44.4 109.4 85.7 138.9 73.8 92.7 43.3 93.8 94.4 42.5 2.4 0 34.3 24.2 3.9 115.2 49.8 98.3 44.1 84.6 64.2 103.4 107.1 106.8 107.3 114.5 114.6 94.7 109.6 103.6 108.5 106.7 73.9 85 83.5 86 83.2 110.3 42.1 43.4 85.9 83.6 43.2 77.3 84.6 84.4 108 142 111.9 98 133.5 86.3 93 142.2 97.3 92.7 108.3 86.2 77 149.2 100.4 90.2 86.7 43.3 110.8 141.8 142 85.7 23.3 100.4 138.7 117.7 109.4 72 72 108.1 111.2 71.7 68.1
77.8 93.7 36.5 45.1 89.8 83.5 48 85.1 36.9 21.3 74 80.4 32.1 32.9 83.6 33.2 33.5 68 33.8 70.6 26.5 74 117.1 33.2 18.1 74.6 63.3 66.2 45.1 47.2 46.3 99.7 55.7 59.3 95.4 16.9 45.6 47.8 42.6 42.9 101.5 76.1 111.3 71.4 91.8 36.4 93.3 93.9 41.1 32.8 32.9 0 17.7 33.6 107.2 18.1 90.3 42.6 75 32.6 95.4 99.1 98.8 99.3 106.6 106.6 85.5 101.6 95.7 100.5 98.7 66.8 75.4 73.9 76.4 73.6 83.2 35.3 36.5 76.3 74 36.3 70.2 75 74.8 100 134.1 103.9 89.9 121.4 56.4 72 134.2 71.6 91.8 100.3 56.3 69.8 120.2 92.5 63.9 56.8 41.8 83.7 133.9 134.1 59 17.6 71.3 110.6 109.8 82.3 64.8 64.8 100.1 84.1 40.6 65.8
69.1 84 23.3 31.9 80.6 98.1 34.8 76.7 23.7 7.3 65 72 24.5 24.2 98.2 49.2 49.6 55.9 49.9 58.7 30 65.1 105.3 49.3 4.3 85.9 78.3 56.6 39.2 37.9 38.7 89.9 67.2 46.6 85.5 25.2 38.7 34.5 29.3 29.6 90.4 67.3 119.1 59.6 79.6 23.3 80.8 81.3 27.8 24.2 24.2 18.8 0 25 95.5 33.9 81 29.3 66.1 48.6 85.9 89.4 89.2 89.6 95 95.1 77 91.1 86.1 90.6 89 54.6 66.5 65 67.6 64.6 97.8 22.2 23.3 67.5 65 23.2 58.2 66.1 65.9 89.4 122.3 92.6 80.6 113.8 68 75.2 122.5 86.2 79.6 89.4 67.8 57.8 129.5 82.9 78.9 68.3 28.5 98.3 122.1 122.3 74.2 3.3 82.5 119 98 97 52.5 52.5 89.8 98.7 56.6 53.6
86 102.3 43.1 35.7 98.5 111.3 47.2 93.8 43.6 28 82.4 88.6 4.5 3.5 111.4 64 64.4 74.1 64.6 76.7 11 82.4 125.8 64.1 23.1 101.8 88.9 74.8 58.7 57.5 58.3 108.4 84.4 65.6 104.1 20.9 58.2 47 41.7 42.1 110.1 84.4 139.6 70.9 90.6 43.1 92 92.7 40.2 3.1 3.8 34.3 24.4 0 115.9 49.4 99 41.7 83.3 63.5 104.1 107.8 107.5 108 115.2 115.3 94.2 110.3 104.3 109.2 107.4 72.9 83.7 82.3 84.7 81.9 111 41.9 43.1 84.6 82.3 43 76.3 83.4 83.1 108.7 142.8 112.6 98.5 134.2 85 92.8 142.9 98 90.6 109 84.9 75.9 149.9 101.2 89.6 85.3 40.9 111.5 142.6 142.8 84.4 23.6 101.1 139.4 118.4 110.2 71 71 108.8 111.9 70.8 65.3
41.2 57 77.8 103 32.5 82.4 87 44 78.3 93.2 34.9 48.2 115.3 115.1 82.4 77.3 76.7 49 76.2 67.4 120.9 37.1 29.5 77.5 96.7 85.2 90.6 45 83.4 83.9 83.1 55.6 76 53.7 26 116.5 82.8 87.2 95.9 93.2 10.8 39.3 41.1 78.2 71.2 76.6 70.8 71.8 94.2 115 115.1 107.4 95.4 115.8 0 93.8 32.9 93.7 38.1 77.7 50.7 55 54.6 55.1 51.6 51.7 44.4 46.9 50.9 56.4 54.5 62.9 38.6 37 39.7 36.6 80.6 78 77.8 39.6 37.1 77.6 66.8 38.1 37.9 30.6 57.9 34.3 32.5 37.5 76.8 72.1 58 93.5 71.6 23.7 76.6 61.5 51.5 60.7 90 77 94.1 80.3 57.7 57.9 99 96.2 67 40.4 39.8 81.4 60.8 60.8 41.6 81.9 69.7 74.4
63.4 80 45.5 57.3 76.1 69.8 60.5 71.4 46 33.8 59 66.3 44.4 45.2 69.9 17.6 17.9 67.5 18.2 78.8 38.8 59 103.4 17.6 30.8 60.3 47.4 50.3 29.2 31.3 30.4 86.1 39.7 43.5 81.7 29.7 29.7 60.3 55 55.3 87.8 61.5 97.6 85.3 89.3 44.4 88.9 89.8 53.3 45.2 45.3 16.3 30.4 46 93.5 0 76.6 55 60.2 17 81.7 85.5 85.1 85.6 92.9 92.9 71.8 88 82 86.9 85 74.3 60.6 58.9 61.8 58.5 69.5 44.9 45.5 61.7 59 45.3 78.2 60.3 59.9 86.3 120.4 90.2 76.2 107.7 40.5 57.4 120.5 56.5 89.7 86.6 40.3 58.7 106.5 78.8 48.1 40.8 54.1 70 120.2 120.4 42.8 30.2 57 96.9 96.1 68.6 72.3 72.3 86.4 70.4 24.9 79.3
18.4 29.8 62.4 86.1 2.7 93.7 70.1 17.3 62.9 76.3 22.3 30.9 98.5 98.2 93.7 62.3 61.8 34.3 61.3 52.4 104 20.7 35.5 62.6 79.8 80.5 74.2 30.3 67.3 67.7 67 30.1 61.1 39 14.4 99.6 66.9 70.3 79 76.4 43.6 20.7 49.3 62.9 51.4 61.3 51 51.9 77.3 98.2 98.2 90.6 78.5 98.9 34.5 76.9 0 76.8 19.8 62.7 25.1 29.7 29.4 29.8 31.2 31.3 17.6 26.7 25.3 31.1 29.2 48.2 20.5 20.7 19 20.5 91.8 62.7 62.4 19 20.3 62.3 51.9 20.7 20.5 18.7 52.7 22.5 2.4 44 61.8 69 52.8 82.2 51.8 49.4 61.7 46.7 60 43.1 73.7 62.2 77.2 91.5 52.5 52.7 82.1 79.3 76.4 49.2 28.6 92.7 46.2 46.2 20 93.1 55.3 59.3
68.4 83.6 43.1 14.1 80.3 118.4 10.1 76.1 43.6 26.5 64.1 71.1 45.5 44.9 118.5 70.5 71 49.6 71.3 48.8 51.2 64.2 103.5 70.5 31.6 103.7 98.8 68.3 59.4 58.1 58.9 89.8 86.2 66.6 85.5 51.9 58.8 9.8 4.1 2.3 90.5 66.5 117.3 36.8 59 43.1 60.4 61 3.9 44.6 45.2 45.3 30.2 43.7 95.3 60.6 80.7 0 65.3 70.6 85.7 89.4 89.1 89.5 95.1 95.2 76.4 91.1 85.9 90.6 89 42.4 65.7 64.1 66.8 63.6 118 41.9 43.1 66.7 64.1 43 48.2 65.3 65 89.4 120.5 92.7 80.3 111.9 86.9 93.7 120.6 105.6 59 89.4 86.8 54.5 128.5 71.6 98.3 87.2 3.5 118.5 120.3 120.5 95.8 31 100.6 117.1 97.8 117.2 46.5 46.5 89.7 118.9 77.6 30.2
8 34.9 54.1 75.8 25.1 84.7 61.9 22.2 54.5 68.4 7.9 19.7 86.9 86.7 84.8 54.1 53.6 23.7 53.1 43.4 91.3 5.6 53.6 54.4 71.5 71.8 66.5 18.9 59.2 59.5 58.8 39.8 52.8 29.1 31.8 87.7 58.7 62.1 69.6 67.4 41.6 6.5 66.4 54.6 44.7 53 44.3 45.2 68.2 86.7 86.7 80.6 70.3 87.3 47.4 69 25.5 67.8 0 54.5 34.7 39.4 39.1 39.6 45.9 45.9 22.5 41 34.9 40.8 38.9 39.1 5.3 4.7 7 5.3 84.6 54.3 54.1 7.1 4.8 54 42.9 5.2 4.6 36.6 69.5 40.6 25.1 61.5 53.6 61 69.6 73.8 45.1 40.1 53.4 37.3 76.1 33.4 65.9 53.9 68.1 85 69.3 69.5 73.7 71 68.4 66.3 46.8 83.9 36.9 36.9 39.4 85.2 46.9 50.8
52.1 68.1 33.8 70.8 64.4 59.6 72 60.2 34.2 48.4 47.7 55.1 62.8 63.6 59.7 2.6 3.6 56.3 4.1 66.3 57.4 47.8 88.7 2.5 48.9 48.4 37.4 39 17 19.1 18.2 74.4 27.5 31.9 69.7 47.8 17.6 72.1 68.5 68.8 75 50.2 82 76.5 76.6 32.7 76.2 77 67.1 63.6 63.6 33.7 48.5 64.3 80.1 19.7 64.8 68.5 48.9 0 70.1 73.9 73.6 74.1 80 80 60.5 75.7 70.4 75.2 73.5 62.2 49.3 47.7 50.5 47.3 59.4 33.2 33.8 50.4 47.7 33.6 65.8 48.9 48.7 73.9 104.3 77.4 64.4 91.6 28.2 45.4 104.4 46.6 76.9 73.9 28.1 46.6 90.4 66.9 38 28.6 67.8 59.9 104.1 104.3 32.7 48.3 44.5 81.4 82.6 58.6 60.2 60.2 74.4 60.1 11.8 73
25.1 27 65.9 90.9 22.9 100.4 74.9 15.3 66.4 81.3 28.7 32 103.4 103.2 100.5 65.3 64.8 38.2 64.2 55.3 108.9 26.9 49.9 65.6 84.8 85.5 78.7 34.6 71.4 71.9 71.2 21.2 64 42.8 26.3 104.6 70.9 75.1 83.8 81.2 56.1 24.9 63.8 66.2 48.2 64.7 47.8 48.8 82.1 103.1 103.2 95.5 83.5 103.9 50.7 81.8 23.7 81.7 26.7 65.7 0 20.9 20.6 21.1 15.6 15.6 15.4 11.3 1.5 22.3 20.4 51 25.6 27.2 28.5 27 100.1 66.1 65.9 28.6 26.7 65.7 54.8 26.8 27.6 23.4 52.5 28.8 23.1 58.3 64.8 73.1 52.6 87.1 48.6 55 64.7 49.6 75 41.1 78.1 65.2 82.1 100.6 52.3 52.5 87.1 84.3 81.4 63.7 34.8 99.2 49.1 49.1 10.9 101 57.8 62.4
32.6 18.8 71.1 94.6 30.6 104 78.6 21.9 71.4 84.9 36 39.2 107 106.8 104.1 70.9 70.5 45.2 70 61.8 112.6 34.3 58.6 71.1 88.4 89.1 82.4 41.7 75.5 75.8 75.2 6.1 69.8 49.8 38.8 108.2 75.1 78.8 87.5 84.8 62.3 32.4 70.5 66.2 47.1 70.1 46.7 47.6 85.8 106.7 106.8 99.2 87.1 107.5 57.7 85.5 31.4 85.3 34.1 71.2 24 0 4.7 7 28.4 28.4 21.7 23.9 23.8 7.4 5.7 58 33 34.6 35.9 34.4 103.7 71.2 71.1 36 34.2 70.9 61.3 34.3 35 41 63.4 46.7 30.8 65.9 70.5 77 63.5 90.7 47.5 61.2 70.3 56.6 80.8 40.1 81.7 70.8 85.7 104.2 63.2 63.4 90.7 87.9 85 70.4 50.9 102.9 56.1 56.1 29.6 104.6 64.6 68
33.6 19.3 73.8 94.3 31.6 103.7 80.8 22.6 74.2 86.8 37.3 40.6 106.7 106.5 103.8 73.7 73.2 46.8 72.7 64.1 112.2 35.4 60.8 73.9 89.6 90 85 43.2 78.4 78.8 78.2 4.7 72.5 51.6 40.2 107.9 78 81 87.9 85.9 64.6 33.4 73.2 67.7 48.9 72.8 48.4 49.3 86.6 106.4 106.5 98.8 88.6 107.2 59.8 87.3 32.5 86.3 35.2 74 24.8 4.9 0 7.1 29.3 29.4 22.3 24.6 24.5 5.9 5.6 60.1 34.1 35.7 37.1 35.5 103.4 74 73.8 37.2 35.3 73.7 63.6 35.4 36.2 42.4 65.8 48.4 31.8 68.5 73.2 80 65.9 91.7 48.9 63.5 73 58.7 82.7 41.5 84.5 73.5 86.6 103.9 65.6 65.8 91.6 89.2 86.8 73.1 52.7 102.5 58.2 58.2 30.5 104.3 67 70.6
32.9 15.5 71.7 94.7 30.9 104.2 78.7 19.7 72.1 85.1 36.5 35 107.2 106.9 104.3 71.5 71.1 45.7 70.6 62.3 112.7 34.7 59.2 71.8 88.6 89.3 82.5 42.2 76.2 76.5 75.9 6.2 70.4 50.3 39.2 108.4 75.7 78.9 87.6 85 62.8 32.8 71.1 64.1 44.3 70.7 43.9 44.8 85.9 106.9 107 99.3 87.3 107.7 58.2 85.6 31.8 85.5 34.5 71.9 24.4 7.1 6.8 0 28.8 28.8 19.5 24.2 24.2 6.1 5.3 58.5 33.4 35 36.3 34.8 103.9 71.9 71.7 36.4 34.6 71.5 61.9 34.7 35.4 41.4 64 47.2 31.2 66.5 71.1 77.7 64.1 90.9 44.7 61.7 70.9 57.1 81 37.2 82 71.4 85.8 104.4 63.8 64 90.9 88 85.2 71 51.4 103 56.6 56.6 30 104.8 65.2 68.6
36.1 37 77.1 102.1 29.3 95.3 86.1 26.1 77.5 92.5 39.8 43.1 114.6 114.3 95.2 76.5 76 49.2 75.4 66.5 120.1 37.9 36.6 76.8 96 96.7 89.9 45.6 82.6 83.1 82.3 25.9 75.2 53.7 27.1 115.8 82.1 86.3 95 92.4 60.8 35.9 49.9 77.4 59.4 75.9 59 60 93.3 114.3 114.4 106.7 94.7 115.1 51.6 93 30.2 92.9 37.7 76.9 15.8 25.5 25.3 25.7 0 1.3 26.2 6.8 16 27 25 62.1 36.6 38.2 39.6 38 93.4 77.3 77.1 39.7 37.8 76.9 66 37.9 38.7 24.2 38.6 29.7 29.6 44.6 76 84.2 38.7 98.3 59.8 66.2 75.8 60.7 60.2 52.3 89.3 76.4 93.2 93.1 38.4 38.6 98.3 95.4 92.6 49.7 24.9 94.3 60 60 12.7 94.7 69 73.5
36.3 37.2 77.1 102.2 29.5 95.2 86.1 26.3 77.6 92.5 40 43.3 114.6 114.4 95.1 76.5 76 49.4 75.4 66.5 120.1 38.1 36.6 76.8 96 96.7 89.9 45.8 82.6 83.1 82.4 26 75.3 53.9 27.3 115.8 82.1 86.3 95 92.4 60.8 36.1 49.9 77.4 59.4 75.9 59 60 93.3 114.3 114.4 106.7 94.7 115.1 51.8 93 30.4 92.9 37.9 76.9 15.8 25.7 25.4 25.8 1.3 0 26.3 6.8 16.1 27.1 25.1 62.1 36.8 38.4 39.8 38.2 93.3 77.3 77.1 39.9 38 76.9 66 38.1 38.8 24.3 38.7 29.9 29.7 44.7 76.1 84.3 38.8 98.3 59.8 66.2 75.9 60.7 60.1 52.3 89.3 76.4 93.3 93 38.5 38.6 98.3 95.5 92.6 49.8 24.8 94.1 60.2 60.2 12.8 94.6 69 73.6
17.7 15.9 62.7 85.4 19 95 70.7 2.1 63.1 77.6 21.8 22.8 97.4 97.1 95.1 62.6 62 32.7 61.5 51.6 102 19.7 51.2 62.8 80.9 81.3 75.5 29 68 68.4 67.7 21.9 61.2 37.9 28.8 98.2 67.5 70.9 78.9 76.6 51.8 17.5 65.2 61.8 39.4 61.5 38.9 39.9 77.4 97.1 97.2 90.6 79.7 97.8 50.1 78.3 19.9 77 19.5 63 18.7 22.4 22.1 19.9 30.2 30.2 0 25.2 18.9 21.5 21.8 47.2 18.4 20.1 21.6 19.9 94.8 62.9 62.7 21.7 19.7 62.5 51.1 19.6 20.6 33.5 68.6 37.6 19.3 59.8 62 69.8 68.7 83.3 39.8 50.4 61.8 45.5 76 31.5 75 62.4 77.3 95.3 68.4 68.6 83.2 80.4 77.6 65.1 43.9 94.1 45 45 24.6 95.5 55 59
32.7 33.6 73.5 97.2 26 100.2 81.2 22.6 73.9 87.6 36.4 39.8 109.7 109.4 100.2 73.4 72.9 46.2 72.4 63.8 115.2 34.5 42.7 73.6 91.1 91.7 85 42.5 78.2 78.5 77.9 22.4 72.2 51.1 23.8 110.8 77.7 81.4 90.1 87.4 57.9 32.5 56.4 73.7 56.4 72.5 55.9 56.8 88.4 109.4 109.4 101.8 89.7 110.1 49.1 88.1 26.9 87.9 34.3 73.7 12.1 22.1 21.8 22.3 7.2 7.2 22.6 0 12.3 23.5 21.5 59.8 33.2 34.8 36.3 34.6 98.3 73.7 73.5 36.4 34.4 73.4 63.3 34.5 35.3 20.8 44.9 26.4 26.2 51 72.9 79.8 45 93.4 56.7 63.1 72.8 58.3 66.8 49.2 84.4 73.3 88.3 98.1 44.7 44.9 93.3 90.5 87.7 56.2 30.8 99.2 57.8 57.8 9.3 99.7 66.7 70.3
25.3 27.3 66.1 91.2 23.1 100.6 75.2 15.5 66.6 81.5 28.9 32.3 103.7 103.4 100.7 65.6 65 38.4 64.5 55.6 109.2 27.1 50.2 65.9 85 85.7 79 34.9 71.7 72.2 71.4 21 64.3 43.1 26.5 104.8 71.1 75.4 84.1 81.4 56.4 25.1 64.1 66.4 48.5 64.9 48.1 49 82.4 103.3 103.4 95.8 83.7 104.1 50.9 82.1 24 81.9 26.9 66 1.5 20.7 20.4 20.9 15.8 15.8 15.6 11.5 0 22.1 20.2 51.2 25.8 27.4 28.8 27.2 100.3 66.3 66.1 28.9 27 66 55 27.1 27.8 23.7 52.7 29.1 23.3 58.5 65.1 73.3 52.9 87.3 48.9 55.2 64.9 49.8 75.2 41.3 78.4 65.5 82.3 100.8 52.5 52.7 87.3 84.5 81.6 63.9 35 99.5 49.4 49.4 11.1 101.2 58 62.6
35.7 19 76.1 96 33.6 105.4 83.1 22.2 76.5 89.1 39.4 39.2 108.5 108.2 105.5 75.9 75.5 49 75 66.4 114 37.5 63.1 76.2 91.9 92.3 87.3 45.4 80.7 81.1 80.5 3.3 74.8 53.8 42.3 109.6 80.3 83.3 90.2 88.2 66.9 35.5 75.5 66.3 47.1 75 48.4 49.1 88.9 108.1 108.2 100.6 90.9 108.9 62.1 89.7 34.5 88.6 37.3 76.3 26.8 7.8 6 6.4 31.4 31.5 22 26.6 26.6 0 4.8 62.4 36.2 37.8 39.2 37.6 105.1 76.3 76.1 39.3 37.4 75.9 65.9 37.5 38.3 44.6 68.1 50.6 33.9 70.7 75.5 82.3 68.2 94.1 47.1 65.7 75.3 61 85 41.4 86.8 75.8 88.9 105.6 67.9 68.1 94 91.5 89.1 75.4 55 104.3 60.4 60.4 32.7 106 69.3 72.9
36.3 19.9 80.1 101.6 34 110.7 87.7 24.1 80.5 94.2 40.3 41.8 113 112.8 110.8 79.9 79.4 50.7 78.9 69.5 117.4 38.2 65.9 80.2 97.3 97.7 92.3 46.7 85.1 85.5 84.8 4.4 78.7 55.9 43.4 113.8 84.6 87.9 95.4 93.2 70.1 36.1 79.4 74.4 52.2 78.9 51.8 52.8 94.1 112.7 112.8 106.5 96.2 113.4 64.8 94.8 35 93.6 38 80.3 26.5 6.4 6.1 5.9 31.5 31.5 23.8 26.3 26.3 6.6 0 65.2 36.8 38.6 40.1 38.3 110.6 80.3 80.1 40.2 38.1 79.9 69 38.2 39.1 45.8 71.3 52.4 34.3 74.2 79.4 86.8 71.5 99.6 52.6 68.8 79.2 63.6 89.8 44.2 91.7 79.8 94 111 71.1 71.3 99.5 96.9 94.2 79.3 57.1 109.9 63 63 32.9 111.2 72.7 76.6
34.7 50.3 33.3 47.3 46.8 92.9 32.4 42.5 33.4 49.2 30.6 37.5 70.3 70 93 58.2 57.7 17.2 57.2 8.4 75.8 30.6 72.8 58.4 52.5 78 71.2 34.7 50.7 49.5 50.3 56.7 57 32.8 52.2 71.4 50.2 32.6 40.5 38.2 57.5 32.9 86.6 19.8 37.4 34.4 38.7 39.3 39 69.9 70 65 51.3 70.7 62.9 74.3 47.3 38.6 31.7 58.6 52.5 56.3 56 56.4 62.4 62.4 42.9 58.1 52.7 57.5 55.8 0 32.1 30.6 33.2 30.2 92.6 34.7 33.5 33.1 30.6 33.4 8.1 31.7 31.5 56.4 89.8 59.9 46.9 81.2 57.7 65.5 89.9 79.6 37.4 56.3 57.6 21.4 97.7 49.1 70.6 58.1 39 93.1 89.6 89.8 79.6 52 73.9 86.4 65.4 91.7 7 7.7 56.7 93.5 51.4 16.9
7.6 32.4 53.2 74.2 25.4 82.9 60.7 20.3 53.6 67 8.5 17.2 85.1 84.9 83 53.1 52.6 23.7 52.1 42.8 89.3 5.4 53 53.4 70 70.3 65.2 19.1 58.1 58.4 57.8 37.7 51.9 28.9 31.8 85.8 57.6 60.9 68.2 66.1 41 4.6 65.4 53.6 42 52 41.5 42.5 66.9 84.8 84.9 78.9 68.9 85.4 46.6 67.6 25.8 66.5 5.1 53.5 32.7 37.3 37 37.5 43.6 43.6 20.7 38.9 32.9 38.7 36.8 38.6 0 6.1 8.1 5.9 82.8 53.4 53.2 8.3 5.4 53 42.3 3.9 6.8 36.5 68.4 40.4 25.4 60.7 52.6 59.8 68.5 72.3 42.4 39.6 52.5 36.8 74.9 30.8 64.6 53 66.8 83.2 68.3 68.4 72.2 69.6 67 65.3 46.3 82.1 36.4 36.4 37.3 83.4 46.1 50
11 38.2 57.1 80.6 28.4 90.4 65.5 24.7 57.6 72.6 6.6 21.6 92.8 92.5 90.5 57.1 56.5 24.1 56 45.5 97.5 3.4 58.9 57.4 76 76.3 70.5 18.8 62.6 63 62.2 43.6 55.7 29.9 35.5 93.6 62.1 65.7 73.9 71.5 43.5 8.1 72.6 57.6 48.8 55.8 48.3 49.3 72.4 92.5 92.5 85.9 74.7 93.2 49.8 73.3 28.8 72 5.2 57.5 38.1 43.1 42.8 43.3 50.1 50.2 25.1 44.9 38.4 44.7 42.6 40.8 6.9 0 7.7 3.1 90.2 57.3 57.1 7.6 3.4 56.9 44.9 5.3 4.8 40.6 76 44.9 28.4 67.4 56.5 64.5 76.1 78.5 49.2 41.9 56.3 38.8 83.1 36.5 69.9 56.9 72.3 90.6 75.8 76 78.4 75.4 72.6 72.5 51.5 89.5 38.4 38.4 43.2 90.8 49.2 53.5
8.1 34.6 51.9 71.9 22.5 80.6 59 22.9 52.3 65 9.2 20.6 83.7 83.4 80.8 51.8 51.4 23.8 50.9 42 89.2 7.5 49.2 52.1 67.9 68.2 63.3 19.4 56.5 56.9 56.2 39 50.7 28.7 28.8 84.8 56.1 59.2 66.2 64.1 40.3 8.8 61.2 52.3 43.6 50.8 43.2 44 64.9 83.4 83.4 76.3 66.8 84.1 45.7 65.6 22.9 64.5 6.6 52.2 34.3 38.6 38.3 38.7 44.6 44.6 23.2 40.1 34.5 39.9 38.1 38 7.8 6.6 0 7.3 80.3 52.1 51.9 2.1 7.5 51.7 41.5 7.9 4.9 33.3 64.1 37.1 22.5 56.6 51.3 58.2 64.2 70.1 43.9 39 51.2 36.3 70.3 33.1 62.8 51.7 64.8 80.8 63.9 64.1 69.9 67.5 65 61.1 42.8 79.5 35.9 35.9 37 81.2 45.1 48.8
11 38.9 58.1 82.3 28.8 92.3 66.8 25.1 58.6 74.1 6.2 21.9 94.8 94.5 92.4 58.1 57.6 24.2 57 46.2 99.6 3.1 60.2 58.4 77.5 77.9 72 18.8 63.8 64.2 63.4 44.5 56.7 30.2 36.1 95.6 63.2 67 75.4 73 44.1 8 74.3 58.6 49.8 56.9 49.3 50.3 73.9 94.5 94.6 87.7 76.2 95.2 50.6 74.8 29.3 73.4 5.8 58.6 38.8 44 43.7 44.2 51.2 51.2 25.5 45.8 39.1 45.6 43.4 41.4 6.7 3.2 9.3 0 92.2 58.4 58.2 8.6 3 58 45.6 5 6 41.4 77.7 45.8 28.9 68.9 57.5 65.8 77.8 80.1 50.2 42.5 57.4 39.4 85 37.2 71.3 58 73.8 92.6 77.5 77.7 80 77 74.1 74.1 52.6 91.4 38.9 38.9 44.1 92.8 50.1 54.5
83.6 98.2 83.4 120.4 91.4 3.6 116.6 90.6 83.7 97.2 79.8 86.2 109.4 110.2 3.7 59.1 59.5 87.2 59.8 97 103.8 79.8 62.5 59.4 98.1 21.2 26.3 72 71.2 73.2 72.4 104.3 40.3 65.5 84.9 94.2 71.7 116.9 118.1 118.4 89.7 82 49.4 107.9 107.5 82.3 107.1 108.1 116.4 110.1 110.2 84.4 97.7 110.9 80.6 72.4 91.9 118 80.8 59.1 100 103.7 103.4 103.8 93.4 93.3 90.9 98.3 100.2 105.1 103.3 92.6 81.2 79.8 82.2 79.4 0 83.6 83.4 82.1 79.8 83.2 96.5 80.9 80.6 88.4 68.9 83.8 91.4 59.6 39.7 49.4 68.8 17.2 107.9 103.5 39.7 78.9 45.5 97 26.2 40.4 117.2 2.5 69 68.9 34.5 97.6 28.2 49.1 76.9 3.3 90.6 90.6 99.3 3.1 55.4 104.1
54 70.4 4.6 44.6 66.6 86.6 46 62.3 5 20.7 49.5 57.1 43.5 43.2 86.7 34.4 35 39.6 35.3 42.6 49.2 49.6 91.5 34.5 24.3 72.5 66.6 40.5 22.5 21.2 22 76.9 52 30.1 72.1 44.5 22 46.2 42 42.3 77.5 52 102.9 54.2 72.1 4.6 73.4 74 40.4 43.2 43.3 37.9 23 44 82.7 50.4 67.1 42 50.7 34.5 72.6 76.4 76.1 76.6 82.7 82.7 62.7 78.3 72.8 77.8 76 38.2 51.2 49.5 52.4 49 86.5 0 4.5 52.2 49.5 4.3 42.1 50.8 50.5 76.4 105.7 79.9 66.7 98.5 52.7 60.7 105.8 74.6 72.1 76.4 52.6 41.7 112.1 69.2 66 53.1 41.2 86.9 105.5 105.7 63.5 23.8 68.7 102.8 85.3 85.7 36 36 76.9 87.1 42.3 48.3
51.3 67 1.9 43.8 63.4 82.5 42.7 59.3 2.4 20.9 47.1 54.3 42.8 42.5 82.6 33.4 34 36.6 34.3 39.5 48.2 47.1 87.7 33.4 24.4 69 63.4 38.5 22 20.7 21.4 73.2 49.4 28.5 68.7 43.6 21.5 42.9 41.3 41.6 73.8 49.5 101.6 50.6 67.8 3.8 69 69.6 39.8 42.5 42.5 37.4 23.1 43.2 78.8 48.7 63.8 41.3 48.2 33.5 69.1 72.8 72.5 72.9 78.8 78.8 59.7 74.6 69.3 74.1 72.4 35.3 48.7 47 49.8 46.6 82.4 4.3 0 49.7 47.1 1.7 39 48.2 48 72.7 104.7 76.1 63.5 96.2 50.1 57.8 104.9 71.1 67.8 72.7 50 39.6 111.9 65.9 62.9 50.5 40.5 82.8 104.5 104.7 61.1 23.9 65.4 101.4 81.3 81.7 33.2 33.2 73.2 83 41 44.9
9 35.5 52.7 72.7 23.4 81.4 59.9 23.8 53.1 65.9 9.8 21.5 84.4 84.2 81.5 52.7 52.2 24.5 51.7 42.8 89.9 8.1 50.2 52.9 68.7 69 64.1 20.1 57.4 57.7 57.1 40 51.5 29.5 29.8 85.6 56.9 60 67 65 41.1 9.6 62.2 53.1 44.6 51.6 44.2 45 65.7 84.1 84.2 77.2 67.7 84.9 46.5 66.4 23.8 65.3 7.5 53 35.3 39.6 39.3 39.7 45.6 45.6 24.2 41.1 35.5 40.9 39.1 38.8 8.7 7.2 3.2 7.9 81.1 52.9 52.7 0 8.3 52.5 42.3 8.7 5.5 34.3 65.1 38 23.4 57.7 52.2 59 65.2 70.9 44.9 39.8 52 37.1 71.3 34.1 63.6 52.5 65.7 81.6 64.9 65.1 70.8 68.3 65.9 62.1 43.8 80.2 36.7 36.7 38 82 46 49.6
10.7 40 59.4 83.3 29.3 93.3 68 25.9 59.9 75.2 7.8 23.2 95.7 95.5 93.4 59.4 58.8 25.7 58.3 47.6 100.5 4.5 60.6 59.7 78.6 79 73.1 20.3 65 65.4 64.6 45.3 58 31.7 36.7 96.5 64.5 68.2 76.5 74.1 45.5 8.7 74.6 59.9 50.8 58.1 50.2 51.3 75 95.4 95.5 88.7 77.3 96.1 52 75.9 29.8 74.5 5.4 59.8 39.7 44.8 44.5 45 52 52 26.3 46.7 39.9 46.4 44.3 42.8 7.5 4.2 8 4.2 93.1 59.7 59.4 7.8 0 59.2 47 5.9 5 41.9 78 46.3 29.4 69.3 58.8 67 78.1 81.2 51.2 43.9 58.6 40.8 85.3 38.3 72.5 59.2 74.9 93.5 77.8 78 81.1 78.1 75.2 74.5 53.1 92.4 40.3 40.3 44.9 93.7 51.4 55.8
51.2 66.9 1.8 43.6 63.3 82.5 42.6 59.2 2.4 20.8 47 54.2 42.6 42.3 82.6 33.3 33.8 36.5 34.1 39.4 48.1 47 87.6 33.3 24.3 68.9 63.3 38.3 21.9 20.6 21.3 73.2 49.3 28.4 68.6 43.5 21.4 42.8 41.2 41.5 73.8 49.4 101.4 50.5 67.8 3.6 69 69.6 39.6 42.3 42.4 37.2 23 43.1 78.7 48.5 63.7 41.1 48.1 33.4 69 72.7 72.4 72.9 78.7 78.7 59.6 74.5 69.2 74 72.3 35.2 48.5 46.9 49.7 46.5 82.3 4.1 1.7 49.5 47 0 38.9 48.1 47.9 72.7 104.6 76.1 63.4 96 50 57.6 104.7 71 67.8 72.6 49.9 39.5 111.7 65.8 62.8 50.4 40.4 82.7 104.4 104.6 61 23.7 65.3 101.2 81.2 81.6 33.1 33.1 73.1 82.9 40.8 44.8
37.9 53.7 36.4 52.4 50.2 96.8 37.2 45.8 36.5 52.6 33.6 40.7 74.2 73.9 96.9 61.8 61.2 19.5 60.7 1.8 79.7 33.6 76.7 62 55.8 81.9 75.1 37.8 54 52.8 53.6 60 60.5 35.9 55.5 75.4 53.5 37.4 45.6 43.2 61.1 36 90.5 14.9 32.8 37.6 34.1 34.8 44.1 73.9 74 68.9 54.6 74.7 66.8 78.3 50.6 43.7 34.7 62.2 55.8 59.5 59.3 59.7 66.1 66.1 46.2 61.3 56 60.8 59.1 7.5 35.2 33.5 36.3 33.1 96.5 37.9 36.6 36.2 33.5 36.5 0 34.7 34.5 59.6 93.7 63.5 50.2 85.1 61.3 69.5 93.8 83.5 32.8 59.9 61.1 24 101.7 45.6 74.5 61.7 44 97 93.5 93.7 83.5 55.3 77.8 90.4 69.4 95.7 8 8.6 59.9 97.4 54.7 21
9.7 36.1 57.3 80.2 28 89.7 65.5 23.6 57.7 72.4 8.1 19.7 92 91.8 89.8 57.3 56.7 25 56.2 45.9 96.6 4.1 58 57.5 75.6 76 70.4 19.9 62.6 63 62.3 42.4 55.9 30.7 35.1 92.8 62.1 65.7 73.7 71.3 44 6.6 71.5 57.7 46.6 56.1 46.1 47.1 72.2 91.7 91.8 85.3 74.4 92.4 50.2 73 28.5 71.8 5.9 57.7 36.9 41.9 41.6 42.1 48.8 48.8 24 43.7 37.2 43.5 41.4 41.4 4.2 5.2 9.1 4.8 89.5 57.5 57.3 9.2 4.1 57.1 45.4 0 6 40.1 74.7 44.4 28.1 66.4 56.7 64.5 74.9 78.1 47 42.5 56.5 39.5 81.7 34.4 69.8 57.1 72.1 89.9 74.5 74.7 78 75.1 72.4 71.4 50.8 88.8 39 39 42 90.1 49.6 53.8
9.3 35.6 53.4 74.9 25.7 83.8 61.1 23.1 53.9 67.6 7.6 20.7 86 85.8 83.9 53.4 52.9 23.3 52.4 42.8 90.3 5.6 53.9 53.7 70.6 71 65.7 18.5 58.5 58.8 58.1 40.4 52.1 28.6 32.3 86.7 58 61.3 68.8 66.6 41 7.9 66.5 53.9 45.3 52.3 44.8 45.8 67.4 85.8 85.8 79.7 69.5 86.4 46.8 68.2 26.1 67 4.5 53.8 35.4 40 39.7 40.1 46.4 46.4 23.5 41.6 35.6 41.4 39.5 38.5 6.8 4.3 5.2 5.3 83.7 53.7 53.4 5 5.5 53.3 42.3 5.6 0 37 69.6 41 25.7 61.7 52.9 60.2 69.7 73 45.7 39.6 52.7 36.8 76.1 34.1 65.2 53.3 67.4 84.1 69.4 69.6 72.9 70.2 67.6 66.4 47.1 83 36.3 36.4 40 84.2 46.2 50.2
27 41 70.6 95.8 17.2 89.6 79.8 28.7 71.1 86 30.8 39.2 108.2 107.9 89.6 70.1 69.6 42.4 69 60.2 113.7 29.2 30.5 70.4 89.5 90.2 83.5 38.6 76.2 76.7 75.9 38.4 68.8 46.7 6.7 109.3 75.7 80 88.7 86.1 39.5 29.3 43.8 71.1 61.4 69.4 61 62 87 107.9 107.9 100.3 88.2 108.6 30.7 86.6 17.6 86.5 28.3 70.5 23.5 38 37.7 38.1 24 24 29 19.6 23.7 39.4 37.5 55.7 29 29.2 27.5 29 87.8 70.9 70.6 27.6 28.8 70.5 59.6 29.3 29.1 0 38.5 8.9 17.3 38.5 69.6 77.8 38.6 91.9 61.8 52.9 69.4 54.4 54.6 50.9 82.9 70 86.9 87.5 38.3 38.4 91.8 89 86.2 43.7 15.1 88.6 53.7 53.7 14.7 89.1 62.6 67.2
64.5 76.9 104.7 129.9 54.8 71.2 113.9 66.4 105.2 120.1 68.2 76.3 142.2 142 71.2 104.1 103.6 79.4 103 95 147.7 66.7 33.1 104.4 123.6 85.7 89.4 75.8 110.2 110.7 110 66.6 95.6 83.5 43.4 143.4 109.7 114.1 122.7 120.1 70.6 66.9 42.9 105.1 96 103.5 95.6 96.4 121.1 141.9 142 134.3 122.3 142.7 62 120.6 55.2 120.6 65.8 104.5 56.5 66.1 65.8 66.3 41.8 41.6 66.7 46.7 56.8 67.5 65.6 91.5 66.5 66.7 65.1 66.5 69.6 104.9 104.7 65.2 66.3 104.5 94.6 66.9 66.6 42.1 0 36.4 54.8 41.8 95.5 89.4 1.8 81.5 96.3 83 95.1 90.2 39.6 87.1 89.3 94.4 121 69.3 1.9 1.4 96.3 123.1 85.1 42.5 28.8 70.4 89.7 89.7 47.9 70.7 97.5 101.3
31 45 74.6 99.8 21.1 84.3 83.8 32.7 75.1 90 34.7 42.9 112.1 111.9 84.3 74 73.5 46 72.9 64.1 117.6 33.2 25.3 74.3 93.5 94.2 87.4 42.4 80.1 80.6 79.9 44.3 72.7 50.4 10.5 113.3 79.6 84 92.6 90 43.3 33.3 38.8 75 65.4 73.4 65 65.9 91 111.8 111.9 104.2 92.2 112.6 34.7 90.5 21.5 90.5 32.3 74.4 29.1 43.8 43.6 44 29.7 29.7 33.1 25.2 29.3 45.1 43.4 59.7 33 33.2 31.5 33 82.4 74.8 74.6 31.6 32.8 74.4 63.6 33.3 33.1 8.9 33.4 0 21.1 33.5 73.5 81.8 33.5 95.4 65.8 56.9 73.4 58.3 49.2 54.9 86.8 73.9 90.9 82.1 33.2 33.4 95.8 93 83.4 38.7 9.8 83.3 57.6 57.6 20.1 83.7 66.5 71.2
18 29.1 62 85.7 1.7 93.2 69.6 16.7 62.4 75.9 21.9 30.5 98 97.8 93.2 61.9 61.4 33.9 60.9 51.9 103.5 20.3 35.1 62.1 79.4 80.1 73.8 29.9 66.9 67.2 66.6 29.4 60.6 38.6 14.1 99.2 66.4 69.9 78.5 75.9 43.1 20.3 48.8 62.4 50.7 60.9 50.2 51.2 76.9 97.7 97.8 90.1 78.1 98.5 34 76.4 2.4 76.4 19.4 62.2 24.4 29 28.7 29.1 30.5 30.6 17 26 24.6 30.4 28.5 47.8 20.2 20.3 18.6 20.2 91.3 62.2 62 18.7 19.9 61.8 51.4 20.4 20.1 18.4 52.2 22.1 0 43.5 61.4 68.5 52.3 81.7 51 49 61.2 46.2 59.5 42.6 73.3 61.7 76.8 91.1 52 52.2 81.7 78.9 76 48.7 28.2 92.2 45.7 45.7 19.4 92.7 54.9 58.8
51.4 66.5 96.1 121.3 41.7 57.7 105.3 53.5 96.6 111.5 54.8 63.9 133.7 133.4 57.7 91.1 90.6 67.3 90 85.7 139.2 53.6 10.5 91.4 115 73.9 77.9 63.3 101.7 102.2 101.4 65.1 68 72 34.4 134.8 101.2 105.5 114.2 111.6 46.4 53.9 12.7 96.5 86.9 94.9 86.5 87.5 112.5 133.4 133.4 121.3 113.7 134.1 37.7 107.6 42.1 112 52.7 91.5 58.3 64.4 64.1 64.6 43.9 43.8 53.8 48.5 58.5 65.9 64 81.2 53.4 53.6 51.9 53.4 55.8 96.3 96.1 52 53.2 96 85.1 53.8 53.6 38.4 38.1 33.2 41.7 0 67.9 61.8 38.3 68.8 87.3 60.3 67.6 79.9 23.6 76.4 77.8 66.8 112.4 55.5 37.9 38.1 86.3 114.5 56.8 12.7 25.5 56.7 79.2 79.2 49.5 57.1 83.3 92.7
50.2 66.2 49.9 85.3 62.5 39.2 81.4 58.3 50.4 64.8 45.9 53.3 83.3 84.2 39.3 27 26.5 54.4 25.9 64.4 78.5 45.9 71.6 27.3 68.1 23.1 17.7 37.2 40 42.3 41.3 72.5 2.6 30 67.9 70 40.6 81.6 83.3 83.5 73.1 48.3 59.4 74.5 74.6 48.7 74.2 75.1 81.9 84.2 84.3 57 66.9 84.9 78.1 43.4 63 83.2 47.1 27.4 68.3 72 71.7 72.1 78 78.1 58.7 73.8 68.5 73.3 71.6 60.4 47.5 45.9 48.7 45.4 39.1 50.2 49.9 48.5 45.9 49.8 63.9 47.1 46.8 72 95.7 75.4 62.6 68.9 0 22.4 95.8 26 75 72 2 44.7 67.8 65 17.1 3.1 82.6 39.6 95.9 95.7 25.7 67.6 19.2 58.8 80.6 38.2 58.4 58.4 72.4 39.7 19.3 71.1
54.6 71.2 54.7 93.4 67.4 47 89.6 62.6 55.2 70.2 50.2 57.5 92.3 92 47.1 41.3 40.8 58.7 40.3 70 94.6 50.2 64.8 41.5 73.7 40.8 34.5 42.1 53.9 56 55.2 77.3 20.4 35.5 73 85 54.5 89.8 91.1 91.4 79 52.7 51.8 80.9 80.5 53.5 80.1 81.1 89.4 92 92.1 71.1 72.4 92.8 72.1 57.4 67.9 91 51.4 41.7 73 76.7 76.3 76.8 84.1 84.1 63 79.2 73.2 78.1 76.2 65.6 51.8 50.2 53.1 49.7 46.1 55 54.8 52.9 50.2 54.6 69.5 51.5 51.2 77.6 89.6 81.5 67.4 61.9 20.6 0 89.7 42.5 80.9 77.9 20.3 49.9 60.7 70 33.9 20.8 90.2 46.6 89.8 89.6 42.4 73.1 23.4 51.1 80.5 45.3 63.5 63.5 77.7 47.3 34.4 77.1
63.5 75.6 104.8 130 53.9 69.8 114 65.3 105.3 120.2 67.1 75 142.4 142.1 69.8 104.3 103.7 78 103.2 94.4 147.9 65.6 32.7 104.6 123.7 84 87.7 74.5 110.4 110.9 110.1 65.5 95.7 82.1 42.7 143.5 109.8 114.2 122.9 120.2 69.5 65.8 42.2 105.2 95.6 103.6 95.2 96.2 121.2 142 142.1 134.5 122.4 142.8 61 120.8 54.4 120.7 64.8 104.7 55.6 65 64.7 65.2 41.1 41 65.6 46 55.8 66.4 64.6 89.9 65.4 65.6 64 65.4 68.2 105 104.8 64.1 65.2 104.6 93.8 65.8 65.5 41.5 1.8 35.9 54 41.2 95.6 89.5 0 79.9 96 81.6 95.3 88.6 38.7 85.6 87.6 94.5 121.1 67.9 2.1 1.8 94.5 123.2 84.5 41.9 28.4 69 88.2 88.2 47.2 69.3 96.7 101.4
68.6 85.3 68.8 107.4 81.4 14.6 103.7 76.7 69.3 84.2 64.3 71.5 96.4 97.2 14.7 42.3 42.6 72.8 42.8 84.1 90.8 64.3 71.7 42.5 85.1 22 11.1 55.6 55.1 57.3 56.4 91.3 24.4 48.8 87 81.2 55.6 103.9 105.1 105.4 93 66.7 58.2 94.9 94.6 67.6 94.2 95.1 103.4 97.2 97.2 70.1 84.8 97.9 93.5 56.4 81.9 105.1 65.4 42.2 87 90.7 90.4 90.9 98.2 98.2 77.1 93.2 87.2 92.1 90.3 79.6 65.9 64.2 67.1 63.8 14.8 69 68.8 67 64.2 68.6 83.5 65.5 65.2 91.6 77.1 95.3 81.4 68.7 23.9 42.5 76.9 0 94.9 91.9 23.8 63.9 53.7 84.1 11 24.6 104.2 15.2 77.2 77.1 18.7 84.6 30.2 57.8 87.3 14 77.5 77.5 91.7 15 38.8 91.1
41.1 35.3 68.3 65.7 52.6 108.3 50.5 38.2 68.4 75.9 41.1 27.1 92.2 91.7 108.4 76.2 75.7 48.7 75.2 35.4 97.8 39.1 80.4 76.4 80.2 93.4 87.7 45 81 81.4 80.7 46.2 75 53.6 60.8 98.3 80.6 50.7 58.9 56.5 68.9 39.2 92.7 25.6 2.2 69.4 4 3.9 57.4 91.4 92 91.8 79 90.6 74.1 90.1 53.5 56.9 39.4 76.5 52.1 48 47.4 44.7 62.7 62.7 38 58.1 52.3 45.1 47 39.5 37.8 40 41.4 39.8 108 69.6 68.5 41.5 39.5 68.4 35.4 38.7 40.4 65.1 95.9 68.7 52.8 87.5 75.7 82.6 96 95 0 67.7 75.5 56.5 103.8 16.7 87.2 76 57.3 108.5 95.7 95.9 95 79.7 89.6 92.5 74.1 107.2 39.7 40.5 57.5 108.9 69.4 34
34.6 55 70.9 96.1 47.1 105.4 80.1 44.3 71.4 86.3 28.1 41.3 108.4 108.2 105.4 70.4 69.8 42.1 69.3 60.5 114 30.4 51.9 70.6 89.8 90.5 83.8 38.1 76.5 77 76.2 59.1 69.1 46.8 48.1 109.6 75.9 80.3 89 86.3 14.7 32.7 64.1 71.3 64.3 69.7 63.9 64.9 87.3 108.1 108.2 100.6 88.5 108.9 23.7 86.9 47.6 86.8 31.5 70.8 54.8 58.5 58.2 58.7 65.9 66 44.7 61 55 59.9 58.1 56 32 30.3 33 29.9 103.5 71.1 70.9 32.9 30.4 70.7 59.9 31.5 31.3 52.9 80.9 56.8 47.2 60.3 69.9 78.1 81 92.1 64.7 0 69.7 54.7 74.5 53.8 83.1 70.3 87.2 103.3 80.7 80.8 92.1 89.3 86.4 63.4 62.7 104.3 54 54 59.5 104.9 62.8 67.5
51.5 68 51.2 87.7 64.2 40.2 83.7 59.9 51.7 66.6 47.1 54.7 85.6 86.5 40.4 27.7 27.1 55.9 26.6 66.1 80.7 47.1 73.4 27.9 69.9 23.4 18.2 38.1 41.1 43.3 42.4 74.4 2.8 30.7 69.7 71.9 41.6 83.9 85.5 85.8 75.1 49.6 60.8 76.5 76.6 50 76.2 77.1 84.2 86.5 86.6 58.5 68.7 87.2 80.2 44.5 64.6 85.5 48.3 28.1 70.1 73.9 73.6 74.1 80.2 80.2 60.2 75.8 70.3 75.2 73.5 62 48.7 47 49.9 46.6 40.1 51.5 51.2 49.8 47.1 51 65.6 48.3 48 73.9 95.4 77.5 64.2 70.6 2 22.7 95.5 26.7 77 73.9 0 45.9 69.4 66.7 17.6 2.8 84.8 40.6 95.6 95.4 26.4 69.4 19.4 60.1 82.8 39.2 59.9 59.9 74.4 40.8 19.8 73
32.3 48.3 36.9 59.1 44.7 77.2 43.1 40.4 37.3 51.7 28 35.2 73.7 73.5 77.3 42.8 42.3 14.1 41.8 24.2 79.3 28 71.4 43.1 55.1 62.3 55.5 23.1 42.1 42.5 41.8 54.7 41.5 15.7 50.2 74.9 41.6 43.3 52 49.4 55.8 30.4 85.2 35.4 53 35.7 54.5 55.1 50.3 73.4 73.5 68.5 53.8 74.2 61.5 58.7 45.2 49.9 29.1 43.2 50.4 54.2 54 54.4 60.8 60.9 40.7 56 50.6 55.5 53.8 20.2 29.6 27.9 30.7 27.5 76.9 37.1 36.9 30.6 28 36.7 23.7 29.1 28.9 54.3 88.4 58.3 44.8 79.9 42.2 49.9 88.6 63.9 53.1 54.7 42.1 0 96.4 47 54.9 42.6 50.3 77.4 88.2 88.4 63.9 54.6 58.2 85.1 64.1 76.1 18.1 18.1 54.6 77.8 35.5 31.6
68 83.1 111.9 137.9 58.2 43.6 121.9 70.1 112.4 127.3 71.4 80.5 149.3 149.2 43.6 90 89.4 83.9 88.9 102.3 143.7 70.2 26.7 90.3 130.8 58.4 62.4 79.9 103 105.2 104.3 81.7 66.8 88.6 50.7 134.1 103.5 122.1 130.8 128.2 60.6 70.5 13.9 113.2 103.5 110.7 103.1 104.1 129.1 149.1 149.2 120.2 129.5 149.9 51.4 106.5 58.7 128.6 69.3 90.4 74.9 81.1 80.7 81.2 60.2 60.1 70.5 65.1 75.1 82.5 80.6 97.8 70 70.2 68.5 70 42 112.1 111.9 68.6 69.8 111.7 101.8 70.4 70.2 54.5 36.8 49.6 58.2 23.7 66.8 60.7 36.7 54 103.9 74.4 66.4 96.5 0 93 62.3 65.6 129 41.7 36.9 36.8 70.8 130.3 55.6 13.7 42.1 42.8 95.8 95.8 66.1 43.2 82.1 109.3
27.3 24.9 62.9 75.7 41 97.4 59.7 27.7 63.4 78.3 27.4 13.4 100.5 100.2 97.5 62.4 61.8 34.9 61.3 45.1 106 25.4 68 62.7 81.8 82.5 75.8 31.3 68.5 69 68.2 37.1 61.1 39.6 46.3 101.6 67.9 59.9 68.6 66 55.1 25.4 81.8 35.7 14.2 61.7 13.7 14.6 66.9 100.2 100.2 92.6 80.5 100.9 60.8 78.9 41.4 66.4 25.7 62.8 41.2 37.3 37 34.2 52.3 52.3 27.5 47.4 41.4 36.5 36.3 47.9 24.1 26.2 27.7 26 97.1 63.1 62.9 27.8 25.8 62.8 45 25 26.7 50.9 85 54.8 41.1 76.4 61.9 70.1 85.1 84.2 14.6 54 61.7 46.6 92.9 0 75.2 62.3 66.8 97.6 84.8 85 84.1 81.3 78.4 81.6 60.6 96.3 45.9 45.8 46.6 98 54.8 43.5
61.4 76.3 61.2 98.4 72.7 24.5 94.7 68.9 61.6 75.2 57.4 64.2 87.9 88.8 24.5 36 36.3 65.3 36.6 75.1 82.3 57.4 80.7 36.2 76.7 13.7 2.6 49.1 48.7 50.8 49.9 82.3 16.8 42.1 78 72.7 49.2 94.9 96.1 96.4 84 59.7 68 85.9 85.6 60.1 85.2 86.1 94.4 88.7 88.8 62.8 76.3 89.5 89.8 49.9 73.1 96.1 58.5 35.9 78 81.7 81.4 81.9 89.2 89.2 69.2 84.2 78.3 83.1 81.3 70.8 58.9 57.3 59.9 56.9 24.4 61.4 61.2 59.8 57.4 61 74.5 58.5 58.2 82.6 86.1 86.5 72.8 77.8 16.3 35 86 12.1 86 82.9 16.2 56.4 64.4 75.1 0 16.9 95.2 24.9 86.2 86.1 11.4 76.1 27.4 67.7 92.3 23.6 68.9 68.9 82.7 24.9 31.5 82.1
50 65.8 49.7 85.5 62.2 39.4 81.8 58 50.2 64.5 45.8 53 83.6 84.2 39.5 27.1 26.6 54.2 26 64 78.1 45.8 69.8 27.4 67.7 21.7 18.2 37.2 40 42.2 41.3 72 3.4 30 67.4 69.5 40.5 82 83.2 83.5 72.6 48.2 57.6 74 74.1 48.6 73.7 74.5 81.6 84.1 84.2 56.7 66.5 84.9 77.6 43.3 62.6 83.2 46.9 27.5 67.8 71.5 71.2 71.7 77.5 77.5 58.4 73.3 68 72.8 71.1 60 47.3 45.7 48.5 45.3 39.3 50 49.7 48.4 45.8 49.6 63.6 46.9 46.7 71.5 94.6 74.9 62.2 67.1 3.1 22.3 94.7 26.4 74.4 71.5 2.7 44.6 66 64.6 17.6 0 82.4 39.8 94.8 94.6 26.1 67.2 17.9 57 80 38.4 58.1 58.1 71.9 39.9 19.5 70.6
68.4 83.6 42.1 13.3 80.3 117.4 10.3 76.1 42.6 25.6 64.1 71.1 44.4 43.9 117.5 69.5 70 49.6 70.3 48.8 50.2 64.1 103.5 69.5 30.6 102.9 97.9 68.3 58.4 57.1 57.9 89.8 85.3 65.6 85.4 50.9 57.8 10 4.4 3.8 90.4 66.5 117.4 36.8 59 42.1 60.4 61 2.6 43.5 44.2 44.3 29.3 42.7 95.3 59.6 80.7 3.1 65.3 69.6 85.7 89.3 89.1 89.5 95.1 95.1 76.4 91 85.9 90.6 88.9 42.4 65.7 64.1 66.8 63.6 117 40.9 42.1 66.7 64.1 42 48.2 65.3 65 89.4 120.5 92.7 80.3 112 86 92.8 120.7 104.7 59 89.4 85.8 54.5 128.5 71.6 97.4 86.3 0 117.5 120.3 120.5 94.9 30.1 99.7 117.2 97.7 116.2 46.5 46.5 89.7 117.9 76.6 30.3
83.6 98.7 83.4 120.9 91.1 4 117.1 90.5 83.7 97.7 79.8 86.2 109.9 110.7 3.9 59.3 59.6 87.2 59.9 97.5 104.3 79.9 61.9 59.6 98.6 21.6 26.7 72.1 71.3 73.3 72.5 104.8 40.6 65.7 84.2 94.6 71.8 117.3 118.6 118.9 89.4 82 48.9 108.4 108 82.3 107.6 108.6 116.9 110.6 110.7 84.4 98.2 111.4 80.3 72.5 91.6 118.5 80.8 59.2 100.5 104.2 103.9 104.3 93.1 93 90.8 98 100.7 105.6 103.8 93.1 81.2 79.8 82.2 79.4 2.5 83.6 83.4 82.1 79.8 83.2 97 80.9 80.6 87.7 68.3 83.1 91.2 59.1 40 49.6 68.2 17.6 108.4 103.3 39.9 78.9 45 97.5 26.6 40.7 117.7 0 68.4 68.3 34.8 98.1 28.5 48.5 76.3 4.1 91 91 99 3.5 55.6 104.6
63.1 75.2 104.5 129.7 53.5 69.9 113.7 64.9 105 119.9 66.7 74.6 142 141.8 69.9 104 103.4 77.6 102.9 94.1 147.6 65.2 32.3 104.2 123.4 84.1 87.7 74.1 110.1 110.6 109.8 65 95.7 81.7 42.3 143.2 109.5 113.9 122.6 119.9 69 65.4 42.2 104.9 95.3 103.3 94.9 95.9 120.9 141.7 141.8 134.2 122.1 142.5 60.5 120.5 54 120.4 64.3 104.4 55.2 64.6 64.3 64.8 40.7 40.6 65.2 45.6 55.4 65.9 64.1 89.6 65 65.2 63.6 65 68.3 104.7 104.5 63.7 64.8 104.3 93.5 65.4 65.1 41.1 1.9 35.5 53.6 40.8 95.7 89.6 2.1 79.9 95.7 81.2 95.3 88.3 38.9 85.2 87.7 94.5 120.8 68 0 1.9 94.5 122.9 84.5 41.8 28.1 69.1 87.7 87.7 46.8 69.4 96.4 101.1
64.4 76.7 104.7 129.9 54.7 71 113.9 66.2 105.2 120.2 68.1 76.1 142.3 142 70.9 104.2 103.7 79.2 103.1 94.8 147.8 66.6 33.1 104.5 123.7 85.4 89.1 75.6 110.3 110.8 110 66.4 95.6 83.3 43.3 143.5 109.8 114.1 122.8 120.2 70.5 66.8 42.8 105.2 95.8 103.6 95.4 96.2 121.1 142 142.1 134.4 122.4 142.8 61.8 120.7 55.2 120.7 65.7 104.6 56.4 66 65.7 66.1 41.7 41.6 66.6 46.7 56.7 67.3 65.5 91.2 66.4 66.6 65 66.4 69.3 105 104.8 65.1 66.2 104.6 94.4 66.7 66.5 42 1.7 36.4 54.7 41.8 95.6 89.5 1.7 81.2 96.1 82.8 95.2 90 39.4 86.9 89 94.4 121 69 2 0 96 123.1 84.9 42.5 28.8 70.1 89.5 89.5 47.8 70.5 97.3 101.4
68.6 85.2 58 95.5 81.4 31.2 97.4 76.6 58.5 72.3 64.2 71.5 82.7 83.5 31.3 29.3 29.7 72.8 29.9 84 77.1 64.3 89.1 29.6 71.4 21.5 9.6 55.6 41.4 43.6 42.7 91.3 24 48.8 87 67.4 41.9 97.6 93.2 93.5 93 66.7 75.7 94.9 94.5 57 94.1 95.1 91.5 83.4 83.5 56.4 71 84.2 98.8 42.7 81.9 93.1 65.4 29.3 87 90.7 90.4 90.9 98.1 98.2 77 93.2 87.2 92.1 90.3 79.6 65.8 64.2 67.1 63.7 31.1 57.4 58 67 64.2 57.9 83.5 65.5 65.2 91.6 94.5 95.5 81.4 86.2 23.5 42.4 94.4 18.6 94.9 91.9 23.4 63.9 71.2 84 10.2 24.1 92.3 31.5 94.7 94.5 0 70.9 35.5 75.3 101.3 30.3 77.5 77.5 91.7 31.7 32.9 91.1
70.9 86 24.5 33.2 82.6 98.5 36.1 78.6 24.9 8.4 66.8 73.8 24 23.7 98.6 49.8 50.2 57.6 50.5 60.5 29.6 66.8 106.1 49.9 2.7 87.9 79.4 58.3 40.6 39.3 40.2 91.9 69.1 48.1 87.6 25.4 40.1 35.9 30.5 30.9 92.5 69.1 119.9 61.3 81.5 24.5 82.8 83.3 29.1 23.7 23.7 18.9 3.4 24.5 97.2 34.2 83 30.5 67.9 49.2 88 91.5 91.3 91.7 97.2 97.2 79 93.2 88.2 92.7 91.1 56.2 68.3 66.8 69.4 66.3 98.4 23.3 24.5 69.3 66.8 24.4 59.9 67.9 67.7 91.4 123.1 94.7 82.6 114.6 69.8 77.1 123.3 87.5 81.5 91.4 69.6 59.5 130.3 84.9 80 70.2 29.8 98.8 122.9 123.1 75.2 0 84.5 119.8 99.6 97.7 54.1 54.1 91.9 99 57.3 55.2
62.9 79.5 63.1 101.7 75.7 26.4 98 71 63.6 78.5 58.9 65.8 99.8 100.4 26.5 41.2 40.7 67.1 40.1 78.4 94.2 58.9 59.8 41.4 82 20.2 27.4 50.8 53.6 55.8 54.9 85.6 17.9 44 81.3 84.6 54.1 98.2 99.4 99.7 76.1 61.1 46.8 89.2 88.9 61.9 88.5 89.4 97.7 100.3 100.4 70.7 80.7 101.1 67 57 76.2 99.4 59.9 41.6 81.3 85 84.7 85.2 92.4 92.5 71.4 87.5 81.5 86.4 84.6 73.9 60.3 58.8 61.4 58.4 25.7 63.3 63.1 61.3 58.9 62.9 77.8 59.9 59.7 85.9 84.6 83.5 75.7 56.9 17.8 23.5 84.7 30.6 89.2 86.2 17.5 58.2 55.6 78.4 26.8 16.7 98.5 26.2 84.8 84.6 35.9 81.5 0 46.1 75.5 24.9 71.8 71.8 86 26.6 33.4 85.4
60.6 74.2 101.5 126.7 50.8 51 110.7 62.4 102 116.9 63.8 72.4 139 138.8 51 81 80.6 75.5 80.1 91.2 134 62.8 18.1 81.3 120.4 66.6 70.6 71.9 93.3 95.6 94.6 73.7 59.7 79.7 43.2 124.4 93.9 110.9 119.5 116.9 51.1 63 2.2 101.9 92.3 100.3 91.9 92.8 117.9 138.7 138.8 110.5 119.1 139.5 41.3 96.8 51.3 117.4 61.9 81.4 67.2 73.2 73 73.4 53.3 53.2 62.7 58 67.4 74.5 72.8 87.6 62.6 62.7 61.1 62.6 49.3 101.7 101.5 61.2 62.4 101.3 90.8 62.9 62.7 47.4 42.3 42 50.9 14.7 59.6 53.7 42.4 62 92.7 64.7 59.3 86.3 15.6 83.3 70.6 58.5 117.8 49 42.5 42.3 78.1 119.9 48.8 0 34 50.2 85.9 85.9 58.8 50.5 74.1 98.1
36.4 50.8 80.4 105.5 26.9 76.3 89.5 38.1 80.8 95.8 39.9 48.1 117.9 117.6 76.3 79.8 79.3 51.5 78.7 69.9 123.4 38.5 17.6 80.1 99.3 92.5 93.2 47.5 85.9 86.4 85.6 48.6 78.5 56.2 16.3 119.1 85.4 89.7 98.4 95.8 48.8 38.6 30.9 80.8 71.2 79.2 70.8 71.7 96.7 117.6 117.7 110 98 118.4 39.9 96.3 27.3 96.3 37.6 80.2 34.6 48 47.6 48.1 24.6 24.5 38.4 29.3 34.9 49.4 47.5 65.5 38.3 38.5 36.9 38.3 74.4 80.6 80.4 37 38.1 80.2 69.4 38.6 38.4 14.9 25.9 9.6 26.9 25.5 79.3 80.4 26 87.4 71.5 62.7 79.2 64.1 41.4 60.7 92.6 79.7 96.7 74.1 25.7 25.9 101.6 98.7 75.4 30.8 0 75.3 63.4 63.4 25.9 75.7 72.3 77
83.3 97.4 83.1 119.5 92.4 3.3 115.8 90.3 83.4 96.3 79.5 85.9 108.5 109.4 3.4 58.6 59 87 59.2 96.2 102.9 79.5 63.6 58.9 97.3 20.4 25.6 71.6 70.8 72.8 72 103.5 39.6 65.1 86 93.3 71.3 116 117.2 117.5 90.6 81.6 50.5 107.1 106.7 82 106.3 107.2 115.6 109.3 109.4 84.1 96.9 110.1 81.4 72 92.8 117.2 80.5 58.5 99.1 102.8 102.5 103 94.3 94.2 90.7 99.2 99.4 104.3 102.4 92.1 80.9 79.4 81.9 79 3.3 83.3 83.1 81.8 79.5 82.9 95.6 80.5 80.3 89.5 70 85 92.4 60.8 39.1 48.7 69.9 16.4 107.1 104 39 78.6 46.6 96.2 25.5 39.8 116.4 4.1 70.1 70 33.8 96.7 27.4 50.2 78.1 0 90.4 90.4 100.2 3.5 54.8 103.2
34.7 51.1 33.1 53.9 47.4 90.9 38.2 42.9 33.2 50 30.3 37.6 71.2 70.9 91 59.5 59 16 58.5 9.3 76.2 30.3 73.4 59.8 53.5 77.5 72.1 34.6 51.5 50.2 51.1 57.9 58.2 32.6 53.1 72.1 51 38.4 46.8 44.3 58.8 32.7 85.4 21.2 39.7 34.3 41.1 41.7 45.3 70.9 71 66.2 52.1 71.6 64.2 74.7 47.9 44.8 31.4 59.9 53.4 57.5 57.2 57.6 64 64 43.2 59.4 53.6 58.8 57 7.4 31.9 30.2 33 29.8 90.6 34.6 33.4 32.9 30.3 33.2 9 31.4 31.2 57.6 88.3 61.3 47.5 80.8 59 66.5 88.4 79.5 39.7 57.5 58.8 20.5 95.7 49.8 71.5 59.4 45.2 91 88.1 88.3 79.4 52.9 74 85.3 66.9 89.9 0 2.7 57.9 91.4 52.3 21.8
35.2 52 33.7 54.8 48.3 92.4 38.8 43.6 33.7 50.8 30.8 38.2 72.5 72.2 92.5 60.6 60.1 16.3 59.5 10.3 77.5 30.8 74.7 60.8 54.4 78.9 73.3 35.2 52.4 51.1 51.9 59 59.3 33.1 54.1 73.3 51.8 39.1 47.6 45.1 59.8 33.3 86.9 22.3 41.2 34.9 42.6 43.3 46 72.2 72.2 67.4 53.1 72.9 65.3 76 48.7 45.6 32 61 54.4 58.5 58.2 58.6 65.1 65.1 44 60.4 54.6 59.9 58 8.3 32.4 30.7 33.6 30.3 92.2 35.2 33.9 33.4 30.8 33.8 9.9 32 31.7 58.6 89.9 62.4 48.3 82.3 60 67.7 90 81 41.2 58.5 59.9 20.8 96.4 50.7 72.8 60.4 45.9 92.6 89.7 89.9 80.8 53.8 75.4 86.8 68.1 91.5 2.8 0 58.9 92.8 53.2 22.1
29.8 32.9 70.6 95.7 18.2 101.2 79.7 20.9 71.1 86 33.5 36.8 108.2 107.9 101.2 70.1 69.5 43 69 60.1 113.7 31.6 42.2 70.4 89.5 90.2 83.5 39.4 76.2 76.7 75.9 27 68.8 47.7 17.8 109.3 75.6 79.9 88.6 85.9 50.8 29.6 55.1 70.9 53.8 69.4 53.4 54.4 86.9 107.8 107.9 100.3 88.2 108.6 42.2 86.6 19 86.4 31.4 70.5 11.1 26.6 26.3 26.8 12.7 12.7 20.9 8.7 11.3 28.1 26.1 55.9 30.3 31.9 31.5 31.7 99.3 70.8 70.6 31.6 31.5 70.5 59.5 31.6 32.4 14.9 44.2 20.1 18.4 50 69.6 77.8 44.4 91.8 54.2 59.7 69.4 54.6 66.1 46.7 82.9 70 86.8 99.1 44 44.2 91.8 89 86.1 55 26.1 100.2 54.1 54.1 0 100.7 62.6 67.1
84 99.1 83.7 121.3 92.7 2.1 117.5 90.9 84.1 98.1 80.2 86.6 110.3 111.1 2.1 59.7 60 87.6 60.3 97.9 104.7 80.2 63.5 59.9 99 21.9 26.7 72.5 71.7 73.7 72.9 105.2 40.8 66 85.6 95 72.2 117.7 119 119.3 91 82.3 50.5 108.8 108.4 82.7 108 109 117.3 111 111.1 84.8 98.6 111.8 81.9 72.9 93.2 118.9 81.2 59.6 100.9 104.6 104.3 104.7 94.7 94.6 91.2 99.6 101.1 106 104.2 93.5 81.6 80.2 82.6 79.8 3.1 83.9 83.7 82.5 80.2 83.6 97.4 81.3 81 89.1 69.8 84.6 92.8 60.7 40.3 50.2 69.7 17.4 108.8 104.9 40.2 79.3 46.6 97.9 26.7 41 118.1 3.5 69.9 69.8 35 98.5 28.9 50.1 77.8 3.5 91.4 91.4 100.6 0 55.9 105
41.8 57.7 39 75 54 53 74.4 49.8 39.5 53.1 37.5 44.8 67.2 68 53.1 10.2 9.7 46 9.2 55.9 61.9 37.5 79.4 10.5 54 37.7 31.8 28.9 22.5 24.6 23.7 63.9 17.4 22 59.3 53 23 74.6 72.7 73 64.6 39.9 73.2 66 66.1 38 65.7 66.5 71 68 68 39.5 53.7 68.7 69.6 25.7 54.4 72.7 38.6 10.6 59.7 63.4 63.2 63.6 69.5 69.5 50.2 65.3 59.9 64.7 63 51.9 39.1 37.4 40.2 37 52.9 38.5 39 40.1 37.5 38.9 55.4 38.7 38.4 63.4 96.4 66.9 54.1 83.4 18.1 35.1 96.5 40.2 66.4 63.5 18 36.2 82.1 56.5 31.2 18.5 71.8 53.3 96.2 96.4 34.2 53.5 33.7 72.5 72 52.1 49.9 49.9 63.9 53.6 0 62.6
47.9 63.8 44.5 37.8 60.3 104.4 22 55.8 44.6 49.2 43.5 50.7 66.8 66.3 104.5 71.7 71.2 29.2 70.7 23.2 71.9 43.5 84.6 71.9 54 89.5 83.4 47.8 62.4 61.2 62 70.2 70.5 45.9 65.7 72.4 61.9 22.2 30.5 28 71 46 98.1 12.1 33.5 45.7 34.9 35.5 29 66 66.6 66.6 52.7 65.3 76.1 80 60.7 28.5 44.7 72 65.9 69.7 69.4 69.9 75.8 75.8 56.2 71.5 66.1 71 69.3 17.4 45.1 43.4 46.3 43 104.1 46 44.7 46.1 43.5 44.6 22.8 44.7 44.4 69.8 101.3 73.3 60.3 92.7 71.2 78.2 101.4 91.1 33.5 69.8 71 33.9 109.2 46.5 82.9 71.5 28.9 104.6 101.1 101.3 91.1 53.4 85.4 97.9 78.6 103.2 21.3 21.3 70.1 105 64.8 0
