0 22.8 50.4 68.5 15.5 90 53.9 12.5 50.7 67.2 6.7 14.1 91.2 90.7 90 53.5 53 19.4 52.5 37.6 97.2 4.5 43.6 53.7 71 69.4 67.6 15.3 54.8 54.5 54 33.6 51.7 24.3 22.6 90.6 54.2 54.1 61.1 59.4 35.4 2.3 57.5 51.1 37.1 49.2 36.4 37.3 60.3 90.8 90.7 83 69.6 91.7 41.2 68.9 15.6 59.7 3.3 53.9 25.8 34 33.8 34.3 35.9 36 12.7 31.8 26 35.7 33.1 34.3 3.3 5 3.9 4.8 90.8 50.7 50.4 4 4.5 50.3 37.3 4.2 4.3 26.9 63.2 30.8 15.5 52 52.3 58.6 63.3 76.7 37.4 33.2 52.4 31.3 69.7 25.1 67 52.9 60 91.3 63 63.2 75.7 70.4 66.3 57.7 38 89.9 31.9 31.9 30 90.3 46.1 46.9
22.8 0 68.3 84.9 23.3 107.8 70.3 10.3 68.5 85 28 21.2 109 108.5 107.9 71.4 70.8 35.9 70.3 54 115 25 54.5 71.6 88.8 87.3 85.5 33.1 72.6 72.3 71.8 13.5 69.6 42.1 33.5 108.5 72.1 70.5 77.5 75.8 56.8 25.3 68.4 53.4 30.8 67.1 30 31 76.7 108.7 108.6 100.8 87.4 109.5 53.4 86.7 23.9 76.1 25.6 71.7 23.5 14.3 14.1 11 35.6 35.6 10.2 31.4 23.7 13.6 12.9 50.7 24 26.3 27.6 26.1 108.6 68.6 68.2 27.7 25.8 68.1 53.7 24.5 26.7 37.8 72.9 41.7 23.5 62.9 70.2 76.4 73 94.6 31.1 54.6 70.3 47.8 80.6 22.1 84.8 70.7 76.5 109.1 72.6 72.9 93.5 88.3 84.2 68.6 48.9 107.7 48.3 48.4 29.3 108.1 64 63.3
50.4 68.4 0 42.6 63.6 86.4 37.1 61.6 0.2 17.9 46 55.2 41.9 41.5 86.4 29.5 30.1 31.7 30.4 34.9 47.9 46.1 91.7 29.5 21.8 65.8 64 36.5 17.9 16.4 17 82.7 48.1 26.3 70.7 41.4 17.4 37.4 38.9 39.4 74.8 48.5 105.6 48.5 64.9 1.2 65.9 66.7 38 41.6 41.5 35.1 20.4 42.5 80.5 44.2 63.8 39.1 47 29.6 74.9 83 82.8 83.3 85 85 61.8 80.8 75.1 84.7 82.1 31.6 47.8 46 48.4 45.6 87.2 1.5 0.2 48.3 46 0.1 34.6 46.8 46.9 75.1 111.3 78.9 63.6 100.2 48.7 55 111.4 73.1 64.8 72.6 48.8 35.5 104.2 66.2 63.4 49.3 38.5 87.7 111.1 111.3 60.4 21.2 62.7 105.8 86.2 86.2 29.2 29.3 79.1 86.6 37.1 39.3
68.5 85 42.6 0 81.7 127.8 14.6 78.3 42.9 25.1 64.1 71.9 33.5 32.8 127.8 70 70.6 49 70.9 51.4 39.5 64.1 109.8 70 30.7 107.2 105.4 69.6 58.4 56.9 57.5 99.4 89.5 67.7 88.8 50.3 57.9 14.4 9.1 9.6 92.8 66.5 123.7 40.6 63.3 42.6 64.3 65.1 8.3 32.5 33 44 29.2 31.7 98.6 58.7 81.8 9.3 65.1 70.1 91.5 99.7 99.5 100 101.7 101.7 78.5 97.5 91.8 101.4 98.8 46.2 65.8 64 66.4 63.6 128.6 41.4 42.6 66.3 64.1 42.5 51.1 64.8 64.9 93.1 129.4 97 81.7 118.2 90.1 96.4 129.5 114.5 63.2 90.7 90.2 52.8 135.9 75.2 104.8 90.7 8.7 129.1 129.2 129.4 100.9 30.1 104.1 123.9 104.2 127.6 50.3 50.4 95.8 128 77.6 33.4
15.4 23.3 63.7 81.8 0 95.7 67.2 13 64 80.4 19.9 28.9 104.4 104 95.7 66.8 66.3 32.7 65.8 50.9 110.4 18.2 32.3 67 84.3 82.7 80.9 28.6 68 67.8 67.3 29.4 65 37.6 11.4 103.9 67.5 67.4 74.4 72.7 40.5 17.6 46.3 64.4 46.3 62.5 45.5 46.5 73.5 104.1 104 96.3 82.9 105 31.3 82.2 0.7 73 17.1 67.2 21.6 29.8 29.6 30.1 26 26.1 13.2 22.3 21.8 31.5 28.9 47.6 18 18.2 16.2 18.1 94.8 64 63.7 16.3 17.8 63.6 50.6 18 17.6 15.7 52 19.6 0.2 40.8 65.6 71.9 52.1 90 46.6 46.5 65.7 44.6 58.5 39.9 80.3 66.2 73.3 94.5 51.8 52 89 83.7 79.6 46.4 26.8 95.7 45.2 45.2 16.2 95.5 59.4 60.2
89.9 107.8 86.3 127.7 95.8 0 116.5 101.1 86.6 103.1 85.5 94.7 111.9 112.7 0.1 59 59.4 95.6 59.7 100.2 105.9 85.5 63.7 59.2 101.9 16.3 23.1 76 71.8 73.6 72.8 122.1 38.2 66.3 88.1 95.4 72.4 116.8 124 124.5 72.6 87.9 49.4 113.8 117.7 85.1 116.9 117.9 123.1 112.8 112.6 86.8 101.4 113.6 63.4 72.7 95.9 124.2 86.5 58.9 114.3 122.5 122.3 122.8 101.3 101.2 101.3 105.5 114.5 124.2 121.6 96.9 87.2 85.4 87.9 85 1 86.6 86.3 87.8 85.5 86.2 99.9 86.3 86.3 94.1 83.1 88.1 95.8 60 37.5 42.5 82.9 13.2 118 112.1 37.6 78.8 48.8 105.7 23 38.2 123.6 1.3 83.2 83.1 31.1 101.3 23.1 49.2 80.4 0.8 94.5 94.6 105.7 0.3 54 109.6
53.9 70.4 37.1 14.6 67.1 116.4 0 63.7 37 26.8 49.5 57.3 44.4 43.8 116.5 66.6 67.2 34.4 67.5 36.8 50.4 49.5 95.1 66.6 32.4 95.9 94.1 55 55 53.5 54.1 84.8 78.2 50.2 74.2 52 54.5 0.2 7.2 5.5 78.2 51.9 109.1 26 48.7 38.3 49.7 50.5 6.4 43.5 44 45.7 31 42.7 84 60.4 67.2 5.8 50.5 66.7 76.9 85.1 84.9 85.4 87.1 87.1 63.9 82.9 77.2 86.8 84.2 31.6 51.2 49.4 51.8 49 117.3 38.6 37.3 51.7 49.5 37.3 36.5 50.2 50.3 78.5 114.8 82.4 67.1 103.6 78.8 85.1 114.9 103.2 48.6 76.1 78.9 38.2 121.3 60.6 93.4 79.3 6.2 117.8 114.6 114.8 97.5 31.8 92.8 109.3 89.6 116.3 35.7 35.8 81.2 116.7 72.6 18.8
12.5 10.3 61.4 78 13 100.9 63.4 0 61.6 78.1 16.7 16.2 102.1 101.6 100.9 64.4 63.9 28.9 63.4 47.1 108.1 14.5 44.1 64.6 81.9 80.3 78.5 26.2 65.7 65.4 64.9 17.1 62.7 35.2 23.2 101.5 65.2 63.6 70.6 68.9 45.5 12.4 58 60.6 33.3 60.1 32.6 33.6 69.8 101.8 101.6 93.9 80.5 102.6 43.1 79.8 13.6 69.2 14.4 64.8 13.4 19.3 19.1 15.5 23.5 23.6 0.2 19.4 13.6 17.1 18.4 43.8 13.3 15 16.4 14.8 101.7 61.6 61.3 16.5 14.5 61.2 46.8 14.3 15.4 27.5 63.7 31.4 13.2 52.6 63.3 69.5 63.9 87.6 33.6 43.3 63.3 40.8 70.3 24.7 77.9 63.8 69.5 102.2 63.5 63.7 86.6 81.3 77.3 58.2 38.6 100.8 41.4 41.4 19.2 101.2 57.1 56.4
50.7 68.6 0.2 42.9 63.9 86.6 37 61.8 0 18.2 46.3 55.5 42.2 41.7 86.6 29.8 30.3 31.6 30.7 34.8 48.2 46.3 92 29.7 22 66 64.2 36.7 18.1 16.6 17.2 82.9 48.4 26.5 71 41.7 17.6 37.3 39.1 39.6 75.1 48.7 105.9 48.4 64.8 1.5 65.8 66.6 38.3 41.9 41.7 35.3 20.6 42.7 80.8 44.4 64 39.3 47.3 29.8 75.1 83.3 83.1 83.6 85.2 85.3 62.1 81 75.3 84.9 82.4 31.5 48 46.2 48.6 45.8 87.4 1.8 0.4 48.5 46.3 0.4 34.6 47 47.1 75.3 111.6 79.2 63.9 100.4 49 55.2 111.7 73.3 64.7 72.9 49 35.8 104.5 66.5 63.6 49.5 38.7 87.9 111.4 111.6 60.7 21.5 63 106.1 86.4 86.5 29.1 29.2 79.3 86.9 37.3 39.2
67.1 85.1 17.9 25.1 80.3 103.1 26.8 78.3 18.2 0 62.7 71.9 25.5 25 103.1 45.3 45.9 49.6 46.2 52.8 31.5 62.8 108.4 45.3 5.3 82.5 80.7 53.2 33.7 32.2 32.8 99.4 64.8 43 87.5 25 33.2 26.6 21.3 21.9 91.5 65.2 122.3 52.9 75.6 17.9 76.5 77.3 20.5 25.2 25.1 18.6 3.9 26 97.3 33.4 80.5 21.5 63.7 45.4 91.6 99.7 99.5 100 101.7 101.7 78.6 97.5 91.8 101.4 98.9 49.5 64.5 62.7 65.1 62.3 103.9 16.7 17.9 65 62.7 17.8 52.6 63.5 63.6 91.8 128.1 95.7 80.4 116.9 65.5 71.7 128.2 89.8 75.5 89.3 65.5 52.2 121 83 80.1 66 21 104.4 127.8 128.1 76.2 4.8 79.4 122.5 102.9 103 47.1 47.2 95.8 103.4 52.9 45.6
6.7 27.7 46.1 64.1 19.9 85.6 49.5 16.8 46.3 62.8 0 14.5 86.8 86.3 85.7 49.2 48.7 15.1 48.1 33.2 92.8 2.4 46.1 49.4 66.7 65.1 63.3 10.9 50.4 50.2 49.6 37.9 47.4 19.9 27 86.3 49.9 49.8 56.7 55.1 28.8 4.7 60 46.8 37.6 44.9 36.8 37.8 55.9 86.5 86.4 78.6 65.2 87.4 34.5 64.6 20.1 55.3 3.3 49.5 30 38.2 38 38.5 40.2 40.2 17 36 30.2 39.9 37.3 29.9 4 2.3 4.7 1.9 86.4 46.4 46 4.6 2.3 46 32.9 3.1 3.2 31.3 67.6 35.2 19.9 54.5 48 54.2 67.7 72.4 37.8 26.6 48.1 27 72.2 25.6 62.6 48.5 55.7 87 67.4 67.6 71.3 66.1 62 60.2 42.5 85.5 27.5 27.6 34.3 85.9 41.8 42.6
14.1 21.2 55.2 71.8 28.9 94.7 57.2 16.2 55.4 71.9 14.8 0 95.9 95.4 94.7 58.2 57.7 22.7 57.2 40.9 101.9 11.9 56.9 58.4 75.7 74.1 72.3 20 59.5 59.2 58.7 33.5 56.5 29 36 95.3 59 57.4 64.4 62.7 43.6 12.2 70.9 45.6 23 53.9 22.3 23.2 63.6 95.6 95.4 87.7 74.3 96.4 49.3 73.6 29 63 12.5 58.6 35 34.4 34.2 31 45.1 45.1 16.4 40.9 35.2 33.6 32.9 37.6 10.9 13.1 14.5 13 95.5 55.4 55.1 14.6 12.7 55 40.6 11.4 13.5 40.3 76.6 44.2 28.9 65.4 57.1 63.3 76.7 81.4 23.3 41.4 57.1 34.6 83.1 11 71.7 57.6 63.3 96 76.4 76.6 80.4 75.1 71.1 71 51.4 94.6 35.2 35.2 39.2 95 50.9 50.2
91.2 109.1 42 33.4 104.4 112 44.4 102.3 42.2 25.5 86.8 95.9 0 0.9 112 60.2 60.6 73.7 60.9 76.9 6 86.8 132.4 60.2 20.2 99.9 88.9 77.2 57.7 56.2 56.8 123.4 83.4 67 111.5 16.5 57.2 44.2 38.9 39.4 115.5 89.2 146.4 70.4 93.1 42 94.1 94.9 38.1 0.9 0.8 30.4 21.7 1.7 121.3 45.3 104.5 39.1 87.8 59.7 115.6 123.8 123.6 124 125.7 125.7 102.6 121.5 115.8 125.4 122.9 73.6 88.5 86.7 89.1 86.3 112.8 40.7 41.9 89 86.8 41.8 76.6 87.5 87.6 115.8 152.1 119.7 104.4 140.9 84 95.7 152.2 98.7 93 113.4 84 76.2 141.2 107 89.5 84.5 38.5 113.3 151.9 152.1 84 20.7 98 146.6 126.9 111.9 71.2 71.2 119.8 112.3 67.6 63.2
90.7 108.6 41.5 32.8 103.9 112.8 43.7 101.9 41.7 25 86.3 95.5 0.9 0 112.9 61 61.4 73.2 61.7 76.4 6.9 86.3 132 61 19.7 100.8 89.7 76.7 57.2 55.8 56.3 122.9 88.4 66.5 111 17.4 56.7 43.5 38.2 38.7 115.1 88.7 145.9 69.8 92.4 41.5 93.4 94.2 37.4 0.2 0.4 31.2 21.2 1 120.8 46.1 104 38.4 87.3 60.5 115.1 123.3 123.1 123.6 125.2 125.3 102.1 121.1 115.3 125 122.4 73.1 88 86.2 88.6 85.8 113.6 40.2 41.4 88.6 86.3 41.3 76.1 87.1 87.1 115.3 151.6 119.2 103.9 140.4 89 95.2 151.7 99.6 92.4 112.9 89 75.8 144.5 106.5 90.4 89.5 37.8 114.1 151.4 151.6 84.8 20.3 103 146.1 126.5 112.7 70.7 70.8 119.3 113.1 68.4 62.5
89.9 107.9 86.4 127.8 95.8 0.1 116.6 101.1 86.6 103.1 85.5 94.7 111.9 112.8 0 59 59.4 95.6 59.7 100.3 105.9 85.6 63.7 59.2 101.9 16.4 23.2 76 71.9 73.7 72.9 122.2 38.3 66.4 88.1 95.5 72.4 116.8 124 124.5 72.6 88 49.4 113.9 117.7 85.2 117 118 123.2 112.8 112.7 86.9 101.5 113.7 63.4 72.8 95.9 124.2 86.5 58.9 114.4 122.5 122.3 122.8 101.2 101.2 101.4 105.5 114.6 124.2 121.7 97 87.3 85.5 87.9 85.1 1.1 86.7 86.3 87.8 85.5 86.2 100 86.3 86.4 94.1 83.1 88.1 95.8 60 37.6 42.5 82.9 13.3 118 112.1 37.6 78.9 48.8 105.8 23.1 38.3 123.6 1.3 83.2 83.1 31.2 101.4 23.2 49.2 80.3 0.9 94.6 94.7 105.7 0.3 54.1 109.6
53.9 71.8 29.6 70.1 67.1 59.3 66.7 65.1 29.9 45.5 49.5 58.7 60 60.9 59.4 0 1.2 59.6 1.5 64.2 54 49.5 95.2 0.6 44.7 41.6 36.2 40 13.1 14.9 14.1 86.1 24 30.3 74.2 43.6 13.7 67 66.4 66.9 78.3 51.9 72.7 77.8 81.7 28.6 80.9 81.9 65.5 60.9 60.8 29.6 44.3 61.7 84 15.6 67.3 66.6 50.5 0.4 78.3 86.5 86.3 86.8 88.5 88.5 65.3 84.3 78.5 88.2 85.6 60.9 51.2 49.5 51.9 49.1 60.1 29.4 29.6 51.8 49.5 29.5 64 50.3 50.3 78.5 114.8 82.4 67.1 82.8 24.6 42.5 114.9 46.1 82 76.1 24.6 42.9 81.8 69.7 36.9 25.1 66 60.6 114.6 114.8 31.3 44.1 38.6 72.3 89.7 59.2 58.5 58.6 82.6 59.6 8.2 73.6
52.9 70.9 30.1 70.6 66.1 59.4 67.2 64.1 30.3 45.9 48.5 57.7 60.6 61.4 59.5 0.7 0 58.6 0.5 63.3 54.5 48.6 94.2 0.5 45.2 40.7 36.3 39 13.5 15.4 14.5 85.2 23 29.3 73.2 44.1 14.1 67.4 66.8 67.3 77.3 51 71.7 76.8 80.7 29 80 81 66 61.4 61.3 30.2 44.8 62.3 83 16.1 66.3 67 49.5 1.1 77.4 85.5 85.3 85.8 87.5 87.5 64.3 83.3 77.6 87.2 84.6 60 50.3 48.5 50.9 48.1 60.2 29.8 30 50.8 48.5 29.9 63 49.3 49.4 77.6 113.8 81.4 66.2 81.9 23.6 41.5 113.9 46.2 81 75.1 23.7 41.9 80.9 68.7 37 24.1 66.4 60.7 113.6 113.8 31.4 44.7 37.6 71.4 88.7 59.3 57.6 57.6 81.6 59.7 7.2 72.6
19.5 36.1 31.8 49.1 32.7 95.3 34.5 29.3 31.7 49.7 15.1 22.9 73.7 73.3 95.3 58.8 58.3 0 57.8 18.2 79.7 15.1 60.8 59 53.6 74.7 72.9 20.6 51.3 48.2 50.5 50.4 57 24.1 39.8 73.2 50.8 34.8 41.7 40 43.9 17.5 74.7 31.8 45.9 33 45.2 46.2 40.9 73.4 73.3 66.9 52.1 74.3 49.6 74.2 32.8 40.3 16.1 59.2 42.6 50.7 50.5 51 52.7 52.7 29.5 48.5 42.8 52.4 49.9 14.9 16.8 15 17.4 14.6 96.1 33.3 32 17.4 15.1 31.9 17.9 15.9 15.9 44.1 80.4 48 32.7 69.2 57.6 63.9 80.5 82 46.2 41.7 57.7 12 86.9 33.9 72.3 58.2 40.7 96.6 80.2 80.4 80.9 53 71.6 74.9 55.3 95.1 12.5 12.6 46.8 95.5 51.4 27.6
52.4 70.3 30.4 70.9 65.6 59.8 67.5 63.6 30.7 46.2 48 57.2 60.9 61.7 59.8 1 0.5 58.1 0 62.7 54.9 48.1 93.7 1.2 45.6 40.1 36.7 38.5 13.8 15.7 14.9 84.6 22.5 28.8 72.7 44.4 14.4 67.7 67.1 67.7 76.8 50.4 71.2 76.3 80.2 29.3 79.5 80.4 66.3 61.8 61.6 30.5 45.1 62.6 82.5 16.4 65.8 67.3 49 1.4 76.8 85 84.8 85.3 87 87 63.8 82.8 77 86.7 84.1 59.4 49.7 48 50.4 47.6 60.6 30.1 30.3 50.3 48 30.3 62.5 48.8 48.9 77 113.3 80.9 65.6 81.3 23.1 41 113.4 46.5 80.5 74.6 23.1 41.4 80.3 68.2 37.3 23.6 66.8 61.1 113.1 113.3 31.8 45 37.1 70.8 88.2 59.7 57 57.1 81.1 60.1 6.7 72.1
37.8 54.4 35.1 51.4 51 100.4 36.8 47.7 35 53.1 33.4 41.3 77.1 76.6 100.5 63.9 63.4 18.4 62.9 0 83.1 33.5 79.1 64.1 56.9 79.8 78 38.9 53 51.5 52.1 68.7 62.2 34.2 58.1 76.5 52.5 37 44 42.3 62.2 35.8 93 12.8 31 36.3 32 32.7 43.2 76.7 76.6 70.2 55.5 77.6 67.9 79.3 51.2 42.6 34.4 64.3 60.9 69.1 68.9 69.4 71 71.1 47.9 66.9 61.1 70.8 68.2 5.2 35.1 33.4 35.8 33 101.2 36.6 35.3 35.7 33.4 35.3 0.3 34.2 34.3 62.4 98.7 66.3 51 87.5 62.8 69 98.8 87.2 30.9 60 62.8 22.1 105.3 42.9 77.4 63.3 43 101.7 98.5 98.7 86.1 56.3 76.8 93.2 73.6 100.3 5.7 6.3 65.1 100.7 56.6 19.7
97.1 115.1 48 39.4 110.4 105.9 50.4 108.3 48.2 31.5 92.8 101.9 6 6.9 106 54.2 54.5 79.7 54.9 82.9 0 92.8 138.4 54.1 26.2 93.9 82.8 83.2 63.7 62.2 62.8 129.4 77.3 73 117.5 10.5 63.2 50.2 44.9 45.4 121.5 95.2 126.1 76.4 99.1 48 100.1 100.9 44.1 6.9 6.8 24.4 27.7 7.7 127.3 39.2 110.5 45.1 93.8 53.7 121.6 129.8 129.6 130 131.7 131.7 108.6 127.5 121.8 131.4 128.9 79.6 94.5 92.7 95.1 92.3 106.8 46.7 47.9 95 92.8 47.8 82.6 93.5 93.6 121.8 158.1 125.7 110.4 146.9 77.9 95.8 158.2 92.7 99 119.4 78 82.2 135.2 113 83.5 78.5 44.5 107.3 157.9 158.1 77.9 26.7 91.9 125.7 132.9 105.8 77.2 77.2 125.8 106.2 61.6 69.2
4.5 25 46.1 64.2 18.2 85.6 49.6 14.6 46.4 62.8 2.3 11.9 86.8 86.4 85.7 49.2 48.7 15.1 48.2 33.2 92.8 0 46.3 49.4 66.7 65.1 63.3 11 50.4 50.2 49.6 35.7 47.4 20 25.3 86.3 49.9 49.8 56.8 55.1 31.1 2.6 60.2 46.8 34.9 44.9 34.1 35.1 55.9 86.5 86.4 78.7 65.2 87.4 36.9 64.6 18.3 55.4 1.8 49.6 27.9 36 35.8 36.3 38 38 14.8 33.8 28.1 37.7 35.2 30 1.9 0.6 3.8 0.5 86.5 46.4 46.1 3.3 0.6 46 33 0.9 1.9 29.6 65.9 33.5 18.2 54.7 48 54.3 66 72.4 35.1 28.9 48.1 27 72.4 22.9 62.6 48.5 55.7 87 65.7 65.9 71.3 66.1 62 60.4 40.8 85.5 27.5 27.6 32.1 85.9 41.8 42.6
43.5 54.4 91.8 109.9 32.3 63.7 95.2 44.1 92.1 108.5 46.1 57 132.5 132 63.7 94.9 94.4 60.8 93.8 78.9 138.5 46.3 0 95.1 112.4 79.2 86.7 56.6 96.1 95.9 95.3 60.5 62.7 65.6 24.7 132 95.6 95.5 102.4 100.8 37.7 45.7 14.3 92.5 80 90.6 79.2 80.2 101.6 132.2 132.1 124.3 110.9 133.1 28.5 110.3 32.5 101.1 45.2 95.2 50.9 60.9 60.7 61.2 37.8 37.7 44.3 42 51.1 62.6 60 75.6 46.1 46.2 44.2 46.2 62.8 92.1 91.7 44.3 45.9 91.7 78.7 46 45.7 30.6 28.5 24.6 32.3 8.5 62.5 57.2 28.6 76.8 80.2 50.5 62.2 72.7 26.5 68 86.6 61.5 101.4 62.4 28.3 28.5 94.7 111.8 53.2 14.4 16.9 63.7 73.2 73.3 42.2 63.4 87.5 88.3
53.6 71.6 29.5 70 66.8 59.3 66.6 64.8 29.7 45.3 49.2 58.4 60.2 61 59.3 0.3 0.5 59.3 1.2 64 54.1 49.3 94.9 0 44.8 41.4 36.2 39.7 12.9 14.8 13.9 85.9 23.7 30.1 74 43.7 13.5 66.8 66.2 66.7 78 51.7 72.4 77.6 81.4 28.4 80.7 81.7 65.4 61 60.9 29.8 44.4 61.9 83.8 15.7 67 66.4 50.2 0.5 78.1 86.2 86 86.5 88.2 88.2 65.1 84 78.3 87.9 85.4 60.7 51 49.2 51.6 48.8 60.1 29.2 29.4 51.5 49.2 29.3 63.7 50 50.1 78.3 114.6 82.2 66.9 82.6 24.3 42.2 114.7 46 81.7 75.8 24.4 42.6 81.6 69.5 36.8 24.8 65.8 60.6 114.3 114.6 31.2 44.3 38.3 72.1 89.4 59.2 58.3 58.4 82.3 59.5 7.9 73.3
71 88.9 21.8 30.7 84.2 101.9 32.4 82.2 22 5.4 66.6 75.8 20.2 19.7 102 44.8 45.2 53.5 45.5 56.7 26.2 66.6 112.3 44.8 0 86.4 78.8 57.1 37.5 36.1 36.6 103.2 68.7 46.8 91.3 21.5 37 32.2 26.9 27.4 95.4 69 126.2 58.4 81.1 21.8 82.1 82.9 26.1 19.9 19.7 15.2 1.5 20.7 101.1 29.9 84.4 27.1 67.6 44.3 95.4 103.6 103.4 103.9 105.6 105.6 82.4 101.4 95.6 105.3 102.7 53.4 68.3 66.5 69 66.2 102.7 20.5 21.7 68.9 66.6 21.7 56.4 67.4 67.4 95.6 131.9 99.5 84.2 120.7 69.3 75.5 132 88.7 81 93.2 69.4 56.1 124.8 86.8 79.5 69.8 26.5 103.2 131.7 131.9 73.9 0.6 83.3 126.4 106.8 101.8 51 51.1 99.7 102.2 52.2 51.2
69.3 87.3 65.8 107.2 82.5 16.3 96 80.5 66 82.5 64.9 74.1 99.9 100.7 16.4 41.2 40.7 75 40.1 79.7 93.8 65 79.2 41.4 86.3 0 11.1 55.4 54 55.8 55 101.6 17.7 45.8 89.6 83.4 54.6 96.2 103.4 103.9 93.7 67.4 64.9 93.2 97.1 64.6 96.4 97.4 102.6 100.7 100.6 74.8 84.9 101.6 65.1 60.7 82.7 103.6 65.9 41.5 93.8 101.9 101.7 102.2 103.9 103.9 80.7 99.7 94 103.6 101 76.4 66.7 64.9 67.3 64.5 16.4 66.1 65.7 67.2 64.9 65.6 79.4 65.7 65.8 94 98.5 97.8 82.6 75.4 17.5 34.1 98.4 20.2 97.4 91.5 17.2 58.3 64.3 85.1 10.4 16.5 103 16.9 98.7 98.5 19.1 85.8 16.5 64.7 95.8 15.5 74 74 98 16.5 33.4 89
67.5 85.5 64 105.4 80.7 23.1 94.2 78.7 64.2 80.7 63.1 72.3 88.8 89.6 23.2 35.9 36.3 73.2 36.6 77.9 82.8 63.2 86.6 36.1 78.8 11.1 0 53.6 48.7 50.6 49.7 99.8 15.9 44 87.9 72.3 49.3 94.4 101.6 102.1 91.9 65.6 72.4 91.4 95.3 62.8 94.6 95.6 100.8 89.7 89.5 63.7 78.3 90.5 97.7 49.6 80.9 101.8 64.1 35.8 92 100.1 99.9 100.4 102.1 102.1 78.9 97.9 92.2 101.8 99.2 74.6 64.9 63.1 65.5 62.7 23.9 64.3 63.9 65.4 63.1 63.8 77.6 63.9 64 92.2 106 96.1 80.8 82.9 15.2 32.3 105.9 9.9 95.6 89.7 15.2 56.5 71.8 83.3 0.7 15.9 101.2 24.4 106.2 106 8 78.2 23.1 72.2 103.3 23 72.2 72.2 96.2 23.4 31.7 87.2
15.1 33.1 35.5 76.9 28.3 75.1 55.3 26.3 35.8 52.3 10.7 19.9 76.3 75.8 75.1 38.6 38.1 20.8 37.6 39 82.3 10.8 56.4 38.8 56.1 54.5 52.7 0 39.9 39.6 39.1 47.4 36.8 9.4 35.4 75.7 39.3 55.5 62.5 60.8 39.5 13.2 70.3 52.6 42.9 34.3 42.2 43.2 61.7 75.9 75.8 68.1 54.7 76.8 45.2 54 28.5 61.1 11.7 39 39.6 47.7 47.5 48 49.7 49.7 26.5 45.5 39.8 49.4 46.8 35.7 12.5 10.7 13.1 10.3 75.9 35.8 35.5 13 10.7 35.4 38.7 11.5 11.6 39.8 76 43.6 28.4 64.9 37.5 43.7 76.1 61.8 43.2 37.3 37.5 19.6 82.6 30.9 52.1 38 61.5 76.4 75.8 76 60.8 55.5 51.4 70.5 50.9 75 33.3 33.4 43.8 75.4 31.2 48.3
54.7 72.7 17.9 58.4 67.9 71.9 55 65.9 18.1 33.7 50.3 59.5 57.7 57.2 71.9 13 13.5 51.3 13.8 52.8 63.7 50.4 96 12.9 37.5 54 48.8 40.8 0 1.9 1.4 87 36.3 30.6 75.1 57.2 0.7 55.2 54.6 55.1 79.1 52.8 85 66.3 82.5 16.8 81.8 82.8 53.8 57.4 57.2 41.7 36.1 58.2 84.9 27.6 68.1 54.8 51.3 13 79.2 87.3 87.1 87.6 89.3 89.3 66.1 85.1 79.4 89 86.5 49.5 52.1 50.3 52.7 49.9 72.7 17.6 17.8 52.6 50.3 17.7 52.5 51.1 51.2 79.4 115.6 83.3 68 104.5 36.9 54.8 115.8 58.6 82.8 76.9 37 39.8 94.2 70.5 49.5 37.4 54.2 73.2 115.4 115.6 43.9 36.9 50.9 84.7 90.5 71.8 47.1 47.1 83.4 72.2 20.5 57.1
54.5 72.4 16.4 56.9 67.7 73.7 53.5 65.7 16.6 32.2 50.1 59.3 56.2 55.7 73.8 14.8 15.4 48.1 15.7 51.3 62.2 50.1 95.8 14.8 36.1 55.8 50.6 40.5 1.9 0 0.9 86.7 38.2 30.3 74.8 55.7 1.3 53.7 53.1 53.6 78.9 52.5 86.9 64.9 82.3 15.3 81.5 82.5 52.3 55.9 55.8 43.6 34.6 56.7 84.6 29.5 67.8 53.3 51.1 14.8 78.9 87.1 86.9 87.4 89 89.1 65.9 84.9 79.1 88.8 86.2 48 51.8 50 52.4 49.6 74.5 16.1 16.3 52.4 50.1 16.3 51 50.9 50.9 79.1 115.4 83 67.7 104.2 38.8 54.2 115.5 60.5 82.5 76.7 38.8 39.6 96 70.3 51.3 39.3 52.7 75 115.2 115.4 45.7 35.5 52.8 86.5 90.3 73.6 45.6 45.7 83.1 74 22.4 55.6
53.9 71.9 17 57.5 67.1 72.9 54.1 65.1 17.2 32.8 49.6 58.7 56.8 56.3 72.9 14 14.5 50.5 14.9 51.9 62.8 49.6 95.2 13.9 36.6 55 49.8 40 1.4 0.9 0 86.2 37.3 29.8 74.3 56.3 0.4 54.3 53.7 54.2 78.3 52 86.1 65.4 81.7 15.9 81 82 52.9 56.5 56.3 42.7 35.2 57.3 84.1 28.6 67.3 53.9 50.6 14 78.4 86.5 86.3 86.8 88.5 88.5 65.4 84.3 78.6 88.2 85.7 48.6 51.3 49.5 51.9 49.1 73.7 16.7 16.9 51.8 49.6 16.8 51.6 50.3 50.4 78.6 114.9 82.5 67.2 103.7 37.9 53.7 115 59.6 82 76.1 38 39 95.2 69.8 50.5 38.5 53.3 74.2 114.6 114.9 44.9 36 51.9 85.7 89.7 72.8 46.2 46.2 82.6 73.2 21.5 56.2
34 13.5 82.6 99.2 29.4 122.1 84.6 17.1 82.8 99.3 38.2 33.5 123.3 122.8 122.1 85.6 85.1 50.1 84.6 68.3 129.3 36.1 60.5 85.8 103.1 101.5 99.7 47.4 86.9 86.6 86.1 0 83.9 56.4 39.6 122.8 86.4 84.8 91.8 90.1 67 33.9 74.4 63.4 43 81.3 42.4 43.4 91 123 122.8 115.1 101.7 123.8 59.5 101 29.9 90.4 35.9 86 19.5 2.5 1.4 2.5 24 24 16.9 19.8 19.3 0.7 0.7 65 34.8 36.5 37.9 36.4 122.9 82.9 82.5 38 36.1 82.4 68 35.8 36.9 36.6 61.3 47.8 29.6 69 84.5 90.7 61.4 108.8 42.9 64.8 84.5 62.1 86.7 34.5 99.1 85 90.8 123.4 61 61.2 107.8 102.6 98.5 74.6 48 122 62.6 62.7 25.6 122.4 78.3 77.6
51.7 69.6 48.1 89.5 64.9 38.2 78.3 62.8 48.4 64.8 47.3 56.4 83.4 88.3 38.3 23.5 23 57.4 22.5 62 77.3 47.3 62.6 23.7 68.7 17.7 15.9 37.7 36.3 38.2 37.3 83.9 0 28.1 72 66.9 36.9 78.5 85.7 86.2 76 49.7 48.7 75.6 79.5 46.9 78.7 79.7 84.9 88.5 88.4 53 67.2 89.4 81.8 38.9 65 85.9 48.3 23.9 76.1 84.3 84.1 84.5 86.2 86.3 63.1 82 76.3 85.9 83.4 58.7 49 47.2 49.6 46.8 39 48.4 48 49.5 47.3 48 61.7 48 48.1 76.3 82.8 80.2 64.9 58.9 0.6 16.9 82.9 25 79.7 73.9 0.7 40.6 57.9 67.5 15.2 1.1 85.4 39.5 83 82.8 23.9 68.1 14.6 48.4 87.4 38.1 56.3 56.4 80.3 38.5 15.8 71.3
24.3 42.2 26.3 67.7 37.5 66.3 50.3 35.4 26.5 43 19.9 29 67 66.5 66.3 29.8 29.3 24.1 28.8 34 73 19.9 65.6 30 46.8 45.7 43.9 10.3 30.6 30.3 29.8 56.5 28.1 0 44.6 66.4 30.1 50.6 63.9 64.4 48.7 22.3 79.5 47.6 52.1 25 51.3 52.3 63.1 66.7 66.5 60.1 45.4 67.5 54.4 45.2 37.6 64.1 20.9 30.2 48.7 56.9 56.7 57.1 58.8 58.9 35.7 54.6 48.9 58.5 56 30.7 21.6 19.8 22.2 19.4 67.1 26.5 26.2 22.1 19.9 26.1 33.7 20.6 20.7 48.9 85.2 52.8 37.5 74 28.7 34.9 85.3 53 52.3 46.5 28.7 12.6 91.7 40.1 43.3 29.2 63.5 67.6 85 85.2 52 46.2 42.7 79.7 60 66.2 28.3 28.4 52.9 66.6 22.5 43.4
23 33.9 71.3 89.3 11.8 88.7 74.7 23.6 71.5 88 27.5 36.4 112 111.5 88.7 74.3 73.8 40.2 73.3 58.4 118 25.7 25.3 74.5 91.8 90.2 88.4 36.1 75.6 75.3 74.8 40 72.6 45.1 0 111.4 75.1 74.9 81.9 80.2 34.9 25.1 39.2 72 59.4 70 58.7 59.6 81.1 111.7 111.5 103.8 90.4 112.5 25.7 89.7 11.9 80.5 24.6 74.7 24.9 40.4 40.2 40.6 24.3 24.3 23.8 20.6 25.1 42 39.5 55.1 25.6 25.7 23.7 25.6 87.8 71.5 71.2 23.8 25.3 71.1 58.1 25.5 25.1 4.5 40.8 8.4 11.8 33.8 73.2 79.4 40.9 97.5 59.7 47.7 73.2 52.2 51.5 47.4 87.8 73.7 80.9 87.4 40.5 40.7 96.5 91.2 87.2 39.4 15.6 88.7 52.7 52.8 16 88.4 67 67.7
90.6 108.6 41.4 50.3 103.8 95.5 52 101.8 41.7 25 86.2 95.4 16.5 17.4 95.5 43.7 44.1 73.1 44.4 76.3 10.5 86.3 131.9 43.7 21.6 83.5 72.4 76.7 57.2 55.7 56.3 122.9 66.9 66.5 110.9 0 56.7 51.8 46.5 47.1 115 88.7 115.6 78.1 100.8 41.4 101.7 102.5 45.7 17.4 17.3 13.9 21.1 18.3 120.7 28.8 104 46.7 87.2 43.2 115.1 123.2 123 123.5 125.2 125.2 102 121 115.3 124.9 122.3 73 88 86.2 88.6 85.8 96.3 40.2 41.4 88.5 86.2 41.3 76 87 87.1 115.3 151.5 119.1 103.8 140.4 67.5 85.4 151.6 82.2 100.7 112.8 67.5 75.7 124.7 106.4 73.1 68 46.2 96.8 151.3 151.5 67.5 21 81.5 115.3 126.4 95.4 70.6 70.7 119.3 95.8 51.1 70.8
54.2 72.2 17.4 57.9 67.4 72.5 54.5 65.4 17.6 33.2 49.8 59 57.2 56.7 72.5 13.5 14.1 50.8 14.4 52.3 63.2 49.9 95.5 13.5 37 54.6 49.4 40.3 0.7 1.3 0.4 86.5 36.9 30.1 74.5 56.6 0 54.7 54.1 54.6 78.6 52.3 85.6 65.8 82 16.3 81.3 82.3 53.3 56.9 56.7 42.3 35.6 57.7 84.3 28.2 67.6 54.3 50.8 13.6 78.7 86.8 86.6 87.1 88.8 88.8 65.6 84.6 78.9 88.5 85.9 49 51.6 49.8 52.2 49.4 73.3 17.1 17.3 52.1 49.8 17.2 52 50.6 50.7 78.9 115.1 82.7 67.5 104 37.5 55.4 115.2 59.2 82.3 76.4 37.6 39.3 94.8 70 50 38 53.7 73.8 114.9 115.1 44.4 36.4 51.5 85.3 90 72.3 46.6 46.6 82.9 72.7 21.1 56.6
54.1 70.7 37.4 14.4 67.3 116.7 0.2 63.9 37.3 26.6 49.7 57.5 44.2 43.5 116.7 66.9 67.4 34.7 67.7 37 50.2 49.7 95.4 66.8 32.2 96.1 94.3 55.2 55.2 53.7 54.3 85 78.4 50.5 74.4 51.8 54.7 0 7 5.3 78.5 52.1 109.3 26.3 48.9 38.6 49.9 50.7 6.1 43.3 43.8 45.5 30.7 42.5 84.2 60.2 67.5 5.6 50.7 66.9 77.2 85.3 85.1 85.6 87.3 87.3 64.2 83.1 77.4 87 84.5 31.8 51.4 49.6 52 49.2 117.5 38.8 37.5 52 49.7 37.5 36.7 50.5 50.5 78.7 115 82.6 67.3 103.8 79.1 85.3 115.1 103.4 48.9 76.3 79.1 38.4 121.5 60.9 93.7 79.6 5.9 118 114.8 115 97.8 31.6 93 109.5 89.9 116.6 35.9 36 81.4 117 72.8 19
61.1 77.6 38.9 9.1 74.3 124 7.2 70.9 39.1 21.3 56.7 64.5 38.9 38.3 124 66.2 66.8 41.6 67.1 44 44.9 56.7 102.3 66.2 26.9 103.4 101.6 62.2 54.6 53.1 53.7 92 85.8 63.9 81.4 46.5 54.1 7 0 1.5 85.4 59.1 116.3 33.2 55.9 38.9 56.9 57.7 0.9 38 38.5 40.2 25.5 37.2 91.2 54.9 74.4 1.2 57.7 66.3 84.1 92.3 92.1 92.6 94.3 94.3 71.1 90.1 84.4 94 91.4 38.8 58.4 56.6 59 56.2 124.8 37.6 38.8 58.9 56.7 38.7 43.7 57.4 57.5 85.7 122 89.6 74.3 110.8 86.4 92.6 122.1 110.7 55.8 83.3 86.4 45.4 128.5 67.8 101 86.9 1.3 125.3 121.8 122 97.2 26.3 100.4 116.5 96.8 123.9 42.9 43 88.4 124.3 73.8 26
59.4 76 39.4 9.6 72.6 124.5 5.5 69.2 39.6 21.9 55 62.8 39.5 38.8 124.6 66.8 67.3 40 67.7 42.3 45.5 55 100.7 66.7 27.4 103.9 102.2 60.5 55.1 53.7 54.2 90.3 86.3 64.4 79.7 47.1 54.6 5.3 1.5 0 83.8 57.4 114.6 31.5 54.2 39.4 55.2 56 1.4 38.5 39 40.7 26 37.7 89.5 55.5 72.7 0.3 56 66.8 82.5 90.6 90.4 90.9 92.6 92.6 69.4 88.4 82.7 92.3 89.7 37.1 56.7 54.9 57.3 54.5 125.3 38.1 39.3 57.2 55 39.2 42 55.7 55.8 84 120.3 87.9 72.6 109.1 86.9 93.1 120.4 111.3 54.1 81.6 86.9 43.7 126.8 66.1 101.5 87.4 1.2 125.8 120.1 120.3 97.7 26.8 100.9 114.8 95.1 124.4 41.2 41.3 86.7 124.8 74.4 24.3
35.5 56.5 74.9 92.9 40.5 72.6 78.3 45.5 75.1 91.6 28.8 43.3 115.6 115.1 72.6 78 77.4 43.9 76.9 62 121.6 31.1 37.7 78.2 95.4 93.9 92.1 39.7 79.2 78.9 78.4 66.6 76.2 48.7 34.3 115.1 78.7 78.6 85.5 83.8 0 33.5 36 75.6 66.3 73.7 65.6 66.6 84.7 115.3 115.2 107.4 94 116.1 9.2 93.3 40.6 84.1 32.1 78.3 58.8 67 66.8 67.3 58.6 58.6 45.8 54.9 59 68.7 66.1 58.7 32.8 31 33.5 30.7 71.6 75.2 74.8 33.4 31.1 74.7 61.7 31.9 31.9 38.8 65.8 42.7 40.5 46.1 76.8 83 65.9 101.2 66.6 12.8 76.9 55.8 47.4 54.4 91.4 77.3 84.5 71.3 65.6 65.8 100.1 94.9 58.6 35.6 49.9 72.5 56.3 56.4 50.4 72.3 70.6 71.4
2.3 25.3 48.5 66.5 17.6 88 51.9 12.4 48.7 65.2 4.7 12.1 89.2 88.7 88 51.5 51 17.4 50.5 35.6 95.2 2.5 45.7 51.7 69 67.4 65.6 13.3 52.8 52.5 52 33.5 49.8 22.3 24.7 88.7 52.3 52.1 59.1 57.4 33.5 0 59.6 49.2 35.1 47.2 34.4 35.4 58.3 88.9 88.7 81 67.6 89.7 39.2 66.9 17.8 57.7 2.3 51.9 25.7 33.8 33.6 34.1 35.8 35.8 12.6 31.6 25.9 35.5 32.9 32.3 1.3 3 4.4 2.8 88.8 48.8 48.4 4.5 2.5 48.3 35.3 2.2 3.4 29.1 65.3 32.9 17.6 54.1 50.4 56.6 65.4 74.7 35.4 31.3 50.4 29.4 71.9 23.2 65 50.9 58.1 89.3 65.1 65.3 73.7 68.5 64.4 59.8 40.2 87.9 29.9 30 29.9 88.3 44.2 44.9
57.5 68.5 105.8 123.9 46.3 49.4 109.3 58.1 106.1 122.5 60.1 71 146.5 146.1 49.4 72.3 71.8 74.8 71.3 93 126.2 60.3 14.3 72.5 126.4 64.9 72.4 70.7 85.1 87 86.2 74.6 48.8 79.7 38.7 115.7 85.7 109.5 116.5 114.8 36 59.7 0 106.5 94 104.6 93.2 94.2 115.6 146.2 146.1 101.8 124.9 147.1 26.8 87.7 46.5 115.1 59.2 72.7 65 74.9 74.7 75.2 51.8 51.8 58.4 56 65.2 76.6 74 89.7 60.1 60.3 58.3 60.2 48.5 106.1 105.8 58.4 59.9 105.7 92.7 60.1 59.7 44.7 34.8 38.6 46.4 10.5 48.6 43.4 34.9 62.5 94.3 48.8 48.4 86.7 12.2 82 72.3 47.7 115.4 48.1 35 34.8 80.4 125.8 39.4 0.4 30.9 49.4 87.3 87.3 56.2 49.1 64.6 102.3
51.2 53.4 48.5 40.6 64.4 113.8 26 56 48.4 52.9 46.8 45.6 70.5 69.8 113.8 77.3 76.8 31.8 76.3 12.8 76.4 46.8 92.5 77.5 58.4 93.2 91.4 52.3 66.3 64.9 65.4 63.4 75.5 47.6 71.5 78 65.8 26.3 33.2 31.5 75.6 49.2 106.4 0 22.7 49.7 23.7 24.5 32.4 69.5 70 71.7 57 68.7 81.3 86.5 64.6 31.8 47.8 77.7 74.3 66.3 64.9 63.3 84.4 84.4 56 80.2 74.5 62.7 64.1 17 48.5 46.7 49.1 46.3 114.6 50 48.6 49.1 46.8 48.6 12.8 47.6 47.6 75.8 112.1 79.7 64.4 100.9 76.2 82.4 112.2 100.5 22.6 73.4 76.2 35.5 118.6 34.6 90.8 76.7 32.2 115.1 111.9 112.1 99.5 57.8 90.1 106.6 87 113.7 17.5 18.1 78.5 114.1 69.9 9
37.1 30.7 65.2 63.4 46.2 117.6 48.8 33.3 65.1 75.6 37.8 22.9 93.2 92.5 117.7 81.2 80.6 45.7 80.1 31 99.2 34.8 79.9 81.4 81.2 97.1 95.3 42.9 82.4 82.1 81.6 43 79.4 51.9 58.9 100.8 81.9 49 56 54.3 66.6 35.1 93.8 22.7 0 66.4 1 1.8 55.1 92.3 92.7 94.5 79.7 91.4 72.3 96.5 46.8 54.6 35.4 81.5 46.6 43.9 43.7 40.6 56.8 56.8 33.3 52.6 46.8 42.3 42.5 35.2 33.8 36.1 37.4 35.9 118.4 66.7 65.3 37.5 35.6 65.3 31 34.3 36.5 63.2 99.5 67.1 46.4 88.3 80 86.2 99.6 104.4 0.4 64.4 80.1 52.2 106 11.9 94.6 80.5 54.9 118.9 99.3 99.5 103.3 80.6 94 94 74.4 117.5 35.7 36.3 52.4 117.9 73.8 31.7
49.2 67.1 1.2 42.6 62.4 85.1 38.3 60.4 1.5 17.9 44.8 54 41.9 41.5 85.2 28.4 29 32.9 29.3 36.1 47.9 44.8 90.5 28.4 21.8 64.6 62.8 35.3 16.8 15.3 15.9 81.4 46.9 25 69.5 41.4 16.3 38.6 38.9 39.4 73.6 47.2 104.4 49.7 66.1 0 67.1 67.9 38 41.6 41.5 35.1 20.3 42.5 79.3 43.1 62.6 39 45.8 28.5 73.6 81.8 81.6 82.1 83.8 83.8 60.6 79.6 73.8 83.5 80.9 32.8 46.5 44.8 47.2 44.4 85.9 1.5 1.2 47.1 44.8 1.1 35.8 45.6 45.6 73.8 110.1 77.7 62.4 98.9 47.5 53.7 110.2 71.9 66 71.4 47.6 34.3 103 65 62.1 48 38.5 86.4 109.9 110.1 59.4 21.2 61.5 104.6 85 85 30.4 30.5 77.9 85.4 36 40.4
36.4 30 66.1 64.3 45.5 116.9 49.7 32.6 66 76.5 37.1 22.3 94.1 93.5 117 80.5 80 45 79.4 32 100.1 34.1 79.2 80.7 82.1 96.4 94.6 42.2 81.7 81.5 80.9 42.4 78.7 51.3 58.2 101.7 81.2 49.9 56.9 55.2 65.9 34.4 93.1 23.7 1.1 67.3 0 1.7 56.1 93.2 93.7 95.4 80.7 92.4 71.6 95.9 46.1 55.5 34.7 80.9 45.9 43.3 43.1 39.9 56.1 56.1 32.6 51.9 46.1 43.3 41.8 36.2 33.2 35.4 36.8 35.2 117.8 67.6 66.3 36.9 34.9 66.2 32 33.6 35.8 62.5 98.8 66.4 45.7 87.6 79.3 85.6 98.9 103.7 1.3 63.7 79.4 53.1 105.4 11.2 93.9 79.8 55.9 118.3 98.6 98.8 102.6 81.5 93.3 93.3 73.7 116.8 36.7 37.3 51.7 117.2 73.1 32.7
37.4 31 66.9 65.1 46.5 117.9 50.5 33.6 66.8 77.3 38.1 23.2 94.9 94.2 118 81.5 80.9 45.9 80.4 32.7 100.9 35.1 80.2 81.7 82.9 97.4 95.6 43.2 82.7 82.4 81.9 43.4 79.7 52.2 59.2 102.5 82.2 50.7 57.7 56 66.9 35.4 94.1 24.5 1.8 68.1 1.7 0 56.9 94 94.5 96.2 81.4 93.2 72.6 96.8 47.1 56.3 35.7 81.8 46.9 44.2 44 40.9 57.1 57.1 33.6 52.9 47.1 44 42.8 37 34.1 36.4 37.7 36.2 118.7 68.4 67 37.8 35.9 67 32.8 34.6 36.8 63.5 99.8 67.4 46.7 88.6 80.3 86.5 99.9 104.7 1.2 64.7 80.4 53.9 106.3 12.2 94.9 80.8 56.6 119.2 99.6 99.8 103.6 82.3 94.3 94.3 74.7 117.8 37.5 38.1 52.7 118.2 74.1 33.4
60.2 76.8 38 8.3 73.4 123.2 6.4 70.1 38.3 20.5 55.8 63.7 38.1 37.4 123.2 65.4 66 40.8 66.3 43.2 44.1 55.9 101.5 65.4 26.1 102.6 100.8 61.3 53.8 52.3 52.9 91.1 84.9 63.1 80.5 45.7 53.3 6.1 0.9 1.4 84.6 58.3 115.4 32.4 55.1 38 56.1 56.8 0 37.2 37.7 39.4 24.6 36.4 90.3 54.1 73.6 1.1 56.8 65.5 83.3 91.5 91.3 91.8 93.5 93.5 70.3 89.3 83.5 93.2 90.6 38 57.6 55.8 58.2 55.4 124 36.8 38 58.1 55.8 37.9 42.9 56.6 56.7 84.9 121.1 88.7 73.5 110 85.5 91.8 121.2 109.9 55 82.4 85.6 44.5 127.7 67 100.1 86 0.5 124.5 120.9 121.1 96.3 25.5 99.5 115.6 96 123 42.1 42.1 87.6 123.4 73 25.2
90.9 108.8 41.7 32.5 104.1 112.8 43.5 102 41.9 25.2 86.5 95.6 0.9 0.2 112.9 61.1 61.4 73.4 61.8 76.6 6.9 86.5 132.1 61 19.9 100.8 89.7 76.9 57.4 55.9 56.5 123.1 88.6 66.7 111.2 17.4 56.9 43.3 38 38.5 115.2 88.9 146.1 69.5 92.2 41.7 93.2 94 37.2 0 0.5 31.3 21.4 0.8 121 46.2 104.2 38.2 87.5 60.6 115.3 123.5 123.3 123.7 125.4 125.4 102.3 121.2 115.5 125.1 122.6 73.3 88.2 86.4 88.8 86 113.7 40.4 41.6 88.7 86.5 41.5 76.3 87.2 87.3 115.5 151.8 119.4 104.1 140.6 89.2 95.4 151.9 99.6 92.1 113.1 89.2 76 144.7 106.7 90.4 89.7 37.6 114.2 151.6 151.8 84.8 20.4 103.2 146.3 126.6 112.7 70.9 70.9 119.5 113.1 68.5 62.3
90.7 108.6 41.5 33 103.9 112.7 44 101.9 41.8 25.1 86.3 95.5 0.8 0.4 112.7 60.9 61.3 73.2 61.6 76.4 6.8 86.3 132 60.9 19.7 100.7 89.6 76.8 57.2 55.8 56.3 122.9 88.4 66.5 111 17.3 56.7 43.7 38.5 39 115.1 88.7 145.9 70 92.7 41.5 93.7 94.4 37.6 0.4 0 31.1 21.2 1.3 120.8 46 104.1 38.7 87.3 60.4 115.1 123.3 123.1 123.6 125.3 125.3 102.1 121.1 115.3 125 122.4 73.1 88 86.3 88.7 85.9 113.5 40.3 41.4 88.6 86.3 41.4 76.1 87.1 87.1 115.3 151.6 119.2 103.9 140.4 89 95.2 151.7 99.4 92.6 112.9 89.1 75.8 144.5 106.5 90.3 89.5 38.1 114 151.4 151.6 84.7 20.3 103 146.1 126.5 112.6 70.7 70.8 119.4 113 68.3 62.8
82.9 100.8 35.1 44 96.1 86.9 45.7 94.1 35.3 18.6 78.5 87.7 30.4 31.2 86.9 29.8 30.2 66.8 30.5 70 24.4 78.6 124.2 29.8 15.2 74.9 63.8 69 41.7 43.6 42.7 115.1 53 60.1 103.2 13.9 42.3 45.5 40.2 40.7 107.3 80.9 101.7 71.7 94.4 35.1 95.4 96.2 39.4 31.3 31.1 0 14.8 32.1 113 14.9 96.3 40.4 79.5 29.3 107.3 115.5 115.3 115.8 117.5 117.5 94.3 113.3 107.5 117.2 114.6 66.7 80.2 78.5 80.9 78.1 87.7 33.8 35 80.8 78.5 34.9 69.7 79.3 79.4 107.5 143.8 111.4 96.1 111.8 53.6 71.5 143.9 73.6 94.3 105.1 53.6 69.4 110.8 98.7 64.5 54.1 39.8 88.2 143.6 143.8 58.9 14.6 67.6 101.3 118.7 86.8 64.3 64.4 111.6 87.2 37.2 64.5
69.5 87.5 20.4 29.2 82.7 101.5 31 80.7 20.6 3.9 65.2 74.3 21.6 21.2 101.6 44.4 44.8 52.1 45.1 55.2 27.6 65.2 110.8 44.4 1.5 84.9 78.4 55.6 36.1 34.6 35.2 101.8 67.2 45.4 89.9 21.1 35.6 30.7 25.5 26 93.9 67.6 124.8 57 79.7 20.3 80.7 81.4 24.6 21.3 21.2 14.8 0 22.2 99.7 29.5 82.9 25.7 66.2 43.9 94 102.1 101.9 102.4 104.1 104.1 81 99.9 94.2 103.8 101.3 51.9 66.9 65.1 67.5 64.7 102.3 19.1 20.3 67.4 65.2 20.2 55 65.9 66 94.2 130.5 98.1 82.8 119.3 67.9 74.1 130.6 88.3 79.6 91.7 67.9 54.6 123.4 85.4 79.1 68.4 25.1 102.8 130.2 130.5 73.5 0.9 81.8 124.9 105.3 101.4 49.5 49.6 98.2 101.8 51.8 49.8
91.7 109.6 42.5 31.7 104.9 113.7 42.7 102.9 42.7 26.1 87.3 96.5 1.7 1.1 113.7 61.9 62.3 74.2 62.6 77.4 7.7 87.3 133 61.9 20.7 101.7 90.6 77.8 58.2 56.8 57.3 123.9 89.4 67.5 112 18.3 57.7 42.5 37.2 37.7 116.1 89.7 146.9 68.7 91.4 42.5 92.4 93.2 36.4 0.8 1.3 32.1 22.2 0 121.8 47 105.1 37.4 88.3 61.4 116.1 124.3 124.1 124.6 126.3 126.3 103.1 122.1 116.3 126 123.4 74.1 89 87.3 89.7 86.9 114.5 41.2 42.4 89.6 87.3 42.4 77.1 88.1 88.1 116.3 152.6 120.2 104.9 141.4 90 96.2 152.7 100.4 91.3 113.9 90.1 76.8 145.5 107.5 91.3 90.5 36.8 115 152.4 152.6 85.7 21.3 104 147.1 127.5 113.6 71.7 71.8 120.4 114 69.3 61.5
41.2 53.4 80.6 98.7 31.3 63.4 84.1 43.1 80.9 97.3 34.5 49.1 121.3 120.9 63.4 83.7 83.2 49.6 82.7 67.7 127.3 36.9 28.6 83.9 101.2 65.1 97.8 45.5 84.9 84.7 84.1 59.5 81.9 54.5 25.1 120.8 84.4 84.3 91.3 89.6 9.2 39.3 26.8 81.3 72.1 79.4 71.3 72.3 90.4 121 120.9 113.2 99.7 121.9 0 99.1 31.5 89.9 37.8 84.1 50.1 59.9 59.7 60.2 49.5 49.5 43.3 45.8 50.3 61.6 59 64.4 38.6 36.8 39.2 36.4 62.5 80.9 80.5 39.1 36.8 80.5 67.5 37.6 37.7 29.6 56.6 33.5 31.4 37 82.5 53.4 56.7 76.5 72.3 22 82.6 61.5 38.3 60.1 97.1 57.8 90.2 62.2 56.4 56.6 105.8 100.6 49.5 26.5 40.8 63.4 62 62.1 41.2 63.1 76.3 77.1
68.8 86.8 44.2 58.7 82 72.8 60.4 80 44.4 33.4 64.4 73.6 45.3 46.1 72.8 15.7 16.1 74.5 16.4 79.2 39.2 64.5 110.1 15.7 30 60.8 49.7 54.9 27.6 29.5 28.6 101.1 38.9 45.2 89.1 28.8 28.2 60.2 54.9 55.5 93.2 66.9 87.6 86.5 96.6 43.1 95.9 96.9 54.1 46.1 46 14.9 29.5 47 98.9 0 82.2 55.1 65.4 15.2 93.3 101.4 101.2 101.7 103.4 103.4 80.2 99.2 93.5 103.1 100.5 75.9 66.2 64.4 66.8 64 73.6 43.9 44.1 66.7 64.4 44.1 78.9 65.2 65.3 93.5 129.7 97.3 82.1 97.8 39.5 57.4 129.8 59.5 96.9 91 39.6 57.8 96.8 84.6 50.4 40 54.6 74.1 129.5 129.7 44.8 29.4 53.5 87.3 104.6 72.7 73.5 73.5 97.5 73.1 23.1 79.2
15.6 23.9 63.9 81.9 0.7 95.9 67.3 13.6 64.1 80.6 20.1 29 104.6 104.1 95.9 67 66.5 32.9 65.9 51 110.6 18.4 32.5 67.2 84.5 82.9 81.1 28.7 68.2 68 67.4 30 65.2 37.7 11.5 104.1 67.7 67.6 74.5 72.9 40.6 17.8 46.4 64.6 46.8 62.7 46.1 47.1 73.7 104.3 104.2 96.4 83 105.1 31.5 82.4 0 73.1 17.3 67.3 22.2 30.3 30.1 30.6 26.6 26.6 13.8 22.9 22.4 32 29.5 47.7 18.2 18.3 16.3 18.3 94.9 64.2 63.8 16.4 18 63.8 50.7 18.1 17.8 15.8 52.1 19.7 0.6 40.9 65.8 72 52.2 90.2 47.1 46.7 65.9 44.8 58.7 40.1 80.4 66.3 73.5 94.6 51.9 52.1 89.1 83.9 79.8 46.6 27 95.9 45.3 45.4 16.7 95.6 59.6 60.4
59.6 76.2 39.1 9.3 72.9 124.2 5.8 69.5 39.3 21.5 55.3 63.1 39.1 38.5 124.2 66.4 67 40.2 67.3 42.6 45.1 55.3 100.9 66.4 27.1 103.6 101.8 60.7 54.8 53.3 53.9 90.5 85.9 64.1 80 46.7 54.3 5.6 1.2 0.3 84 57.7 114.9 31.8 54.5 39 55.5 56.3 1.1 38.2 38.7 40.4 25.7 37.4 89.8 55.1 73 0 56.3 66.5 82.7 90.9 90.7 91.2 92.9 92.9 69.7 88.7 82.9 92.6 90 37.4 57 55.2 57.6 54.8 125 37.8 39 57.5 55.3 38.9 42.3 56 56.1 84.3 120.6 88.2 72.9 109.4 86.6 92.8 120.7 110.9 54.4 81.8 86.6 44 127.1 66.4 101.2 87.1 0.9 125.5 120.4 120.6 97.3 26.5 100.5 115 95.4 124.1 41.5 41.6 87 124.5 74 24.6
3.2 25.6 47.1 65.1 17 86.6 50.5 14.4 47.3 63.8 3.3 12.5 87.8 87.3 86.7 50.2 49.7 16.1 49.1 34.2 93.8 1.8 45.1 50.4 67.7 66.1 64.3 11.9 51.4 51.2 50.6 35.5 48.4 20.9 24.1 87.3 50.9 50.8 57.7 56.1 32.1 2.3 59 47.8 35.5 45.9 34.7 35.7 56.9 87.5 87.4 79.6 66.2 88.3 37.8 65.6 17.2 56.3 0 50.5 27.7 35.8 35.6 36.1 37.8 37.8 14.6 33.6 27.9 37.5 34.9 30.9 1.6 1.3 2.7 1.7 87.4 47.4 47 2.8 1.4 47 33.9 1.6 1.3 28.4 64.7 32.3 17 53.5 49 55.2 64.8 73.4 35.8 29.9 49.1 28 71.3 23.5 63.6 49.5 56.7 87.9 64.5 64.7 72.3 67.1 63 59.2 39.6 86.5 28.5 28.6 31.9 86.9 42.8 43.6
53.8 71.7 29.6 70.1 67 59 66.7 65 29.8 45.4 49.4 58.6 59.7 60.5 59 0.5 1.1 59.5 1.4 64.2 53.7 49.5 95.1 0.5 44.4 41.5 35.9 39.9 13 14.8 14 86.1 23.9 30.2 74.1 43.2 13.6 66.9 66.3 66.8 78.2 51.8 72.6 77.7 81.6 28.5 80.9 81.8 65.5 60.5 60.4 29.3 43.9 61.4 83.9 15.2 67.2 66.5 50.4 0 78.2 86.4 86.2 86.7 88.4 88.4 65.2 84.2 78.4 88.1 85.5 60.9 51.1 49.4 51.8 49 59.8 29.3 29.5 51.7 49.4 29.4 63.9 50.2 50.3 78.4 114.7 82.3 67 82.8 24.5 42.4 114.8 45.7 81.9 76 24.5 42.8 81.7 69.6 36.5 25 65.9 60.3 114.5 114.7 31 43.8 38.5 72.3 89.6 58.9 58.5 58.5 82.5 59.3 8.1 73.5
26.2 23.5 74.7 91.4 21.6 114.3 76.8 13.3 75 91.5 30.4 34.7 115.5 115 114.3 77.8 77.3 42.3 76.8 60.4 121.5 28.2 50.9 78 95.3 93.7 91.9 39.6 79.1 78.8 78.3 19.5 76 48.6 25 114.9 78.5 77 84 82.3 59.2 26 65 74 46.6 73.5 45.9 46.9 83.1 115.1 115 107.3 93.9 116 50.1 93.2 22.1 82.6 28.1 78.2 0 19.9 19.7 20.2 13.2 13.3 13.4 9.1 0.2 21.6 19 57.2 27 28.7 30.1 28.5 115.1 75 74.7 30.2 28.2 74.6 60.2 27.9 29.1 21.6 50.5 27 21.7 59.1 76.6 82.9 50.6 101 46.9 57 76.7 54.2 77.2 38 91.3 77.2 82.9 115.6 50.3 50.5 100 94.7 90.6 65.2 34.3 114.2 54.7 54.8 8.9 114.6 70.4 69.8
34.4 14.3 82.9 99.5 29.7 122.4 84.9 19.3 83.2 99.6 38.6 42.9 123.6 123.1 122.5 86 85.5 50.5 84.9 68.6 129.6 36.4 60.9 86.2 103.5 101.9 100.1 47.7 87.2 87 86.4 2.5 84.2 56.8 39.9 123.1 86.7 85.2 92.1 90.5 67.3 34.2 74.8 66.3 44 81.7 43.3 44.2 91.3 123.3 123.2 115.4 102 124.2 59.9 101.4 30.3 90.7 36.2 86.4 19.9 0 1.6 3.4 24.3 24.4 19.1 20.2 19.7 3.7 2.2 65.3 35.2 36.9 38.2 36.7 123.3 83.2 82.8 38.3 36.4 82.8 68.3 36.1 37.3 36.9 61.6 48.1 29.9 69.3 84.8 91 61.7 109.2 44.3 65.2 84.9 62.4 87 35.4 99.4 85.3 91.1 123.8 61.4 61.6 108.1 102.9 98.8 75 48.3 122.3 62.9 63 25.9 122.7 78.6 78
34.2 14.1 82.7 99.3 29.5 122.2 84.7 19.1 83 99.4 38.4 42.7 123.4 122.9 122.3 85.8 85.3 50.3 84.7 68.4 129.4 36.2 60.7 86 103.3 101.7 99.9 47.5 87 86.8 86.2 1.4 84 56.6 39.7 122.9 86.5 85 91.9 90.3 67.1 34 74.6 64.9 44.6 81.5 43.1 44 91.1 123.1 123 115.3 101.8 124 59.7 101.2 30.1 90.5 36 86.2 19.7 1.6 0 3.2 24.2 24.2 18.9 20 19.5 2.3 2 65.1 35 36.7 38 36.5 123.1 83 82.6 38.1 36.2 82.6 68.1 35.9 37.1 36.7 61.4 47.9 29.7 69.1 84.6 90.9 61.5 109 44.5 65 84.7 62.2 86.8 35.2 99.2 85.1 90.9 123.6 61.2 61.4 107.9 102.7 98.6 74.8 48.1 122.1 62.7 62.8 25.7 122.5 78.4 77.8
34.7 11 83.2 99.8 30 122.7 85.2 15.5 83.4 99.9 38.9 31 123.9 123.4 122.8 86.3 85.8 50.8 85.2 68.9 129.9 36.7 61.2 86.5 103.8 102.2 100.4 48 87.5 87.3 86.7 2.5 84.5 57 40.2 123.4 87 85.5 92.4 90.8 67.6 34.5 75.1 63.3 40.6 82 39.9 40.9 91.6 123.6 123.5 115.7 102.3 124.4 60.1 101.7 30.6 91 36.5 86.6 20.2 3.4 3.2 0 24.6 24.7 15.3 20.5 20 2.6 1.9 65.6 35.5 37.2 38.5 37 123.5 83.5 83.1 38.6 36.7 83.1 68.6 36.4 37.6 37.2 61.9 48.4 30.2 69.6 85.1 91.3 62 109.5 40.9 65.4 85.2 62.7 87.3 32 99.7 85.6 91.4 124 61.7 61.9 108.4 103.2 99.1 75.3 48.6 122.6 63.2 63.3 26.2 123 78.9 78.3
36.4 35.6 84.9 101.5 26 101.3 86.9 23.5 85.2 101.6 40.6 44.9 125.6 125.1 101.3 88 87.5 52.5 86.9 70.6 131.6 38.4 37.7 88.2 105.5 103.9 102.1 49.7 89.2 89 88.4 24 86.2 58.8 24.4 125.1 88.7 87.2 94.1 92.5 58.6 36.2 51.8 84.2 56.8 83.7 56.1 57 93.3 125.3 125.2 117.5 104 126.2 49.5 103.4 26.6 92.7 38.2 88.4 13.2 24.3 24.2 24.6 0 0.1 23.5 4.3 13.4 26 23.5 67.3 37.2 38.9 40.2 38.7 100.3 85.2 84.8 40.3 38.4 84.8 70.3 38.1 39.3 20.9 37.3 26.3 26.2 45.9 86.8 93.1 37.4 111.2 57.1 67.2 86.9 64.4 64 48.2 101.4 87.3 93.1 100 37.1 37.3 110.1 104.9 100.8 52 24 101.2 64.9 65 9.9 101 80.6 80
36.4 35.6 84.9 101.6 26.1 101.2 87 23.6 85.2 101.7 40.6 44.9 125.7 125.2 101.2 88 87.5 52.5 87 70.7 131.7 38.4 37.6 88.2 105.5 103.9 102.1 49.8 89.3 89 88.5 24 86.2 58.8 24.4 125.1 88.7 87.2 94.2 92.5 58.6 36.2 51.7 84.2 56.8 83.7 56.1 57.1 93.3 125.3 125.2 117.5 104.1 126.2 49.5 103.4 26.6 92.8 38.3 88.4 13.2 24.4 24.2 24.7 0.1 0 23.6 4.3 13.4 26.1 23.5 67.4 37.2 38.9 40.3 38.7 100.2 85.2 84.9 40.4 38.4 84.8 70.4 38.2 39.3 20.9 37.2 26.4 26.3 45.8 86.9 93.1 37.3 111.2 57.1 67.2 86.9 64.4 64 48.2 101.5 87.4 93.1 99.9 37 37.2 110.2 104.9 100.8 51.9 23.9 101.2 65 65 9.9 100.9 80.6 80
12.7 10.2 61.6 78.2 13.2 101.1 63.6 0.2 61.8 78.3 16.9 16.4 102.3 101.8 101.2 64.6 64.1 29.1 63.6 47.3 108.3 14.8 44.4 64.9 82.1 80.6 78.8 26.4 65.9 65.6 65.1 16.9 62.9 35.4 23.4 101.8 65.4 63.8 70.8 69.1 45.7 12.6 58.3 56 33.3 60.4 32.6 33.6 70 102 101.9 94.1 80.7 102.8 43.3 80 13.8 69.4 14.6 65 13.4 19.1 18.9 15.3 23.6 23.6 0 19.4 13.6 16.9 18.3 44 13.5 15.2 16.6 15.1 101.9 61.9 61.5 16.7 14.8 61.4 47 14.5 15.6 27.7 64 31.6 13.4 52.8 63.5 69.7 64.1 87.9 33.6 43.5 63.6 41.1 70.5 24.7 78.1 64 69.8 102.4 63.8 64 86.8 81.6 77.5 58.5 38.8 101 41.6 41.7 19.2 101.4 57.3 56.6
32.2 31.4 80.7 97.4 22.3 105.5 82.8 19.3 81 97.4 36.4 40.7 121.4 121 105.5 83.8 83.3 48.3 82.8 66.4 127.4 34.2 41.9 84 101.3 99.7 97.9 45.6 85 84.8 84.2 19.8 82 54.6 20.7 120.9 84.5 83 90 88.3 54.9 32 56 80 52.6 79.5 51.9 52.9 89.1 121.1 121 113.3 99.8 122 45.8 99.2 22.9 88.6 34 84.2 9 20.2 20 20.5 4.3 4.3 19.4 0 9.2 21.8 19.3 63.1 33 34.7 36.1 34.5 104.5 81 80.7 36.2 34.2 80.6 66.2 33.9 35.1 17.2 41.5 22.6 22.5 50.1 82.6 88.9 41.6 107 52.9 63 82.7 60.2 68.3 44 97.3 83.2 88.9 104.2 41.3 41.5 105.9 100.7 96.6 56.2 28.2 105.5 60.7 60.8 6.2 105.2 76.4 75.8
26.4 23.7 74.9 91.6 21.8 114.5 77 13.6 75.2 91.7 30.6 34.9 115.7 115.2 114.5 78 77.5 42.5 77 60.7 121.7 28.4 51.1 78.2 95.5 93.9 92.1 39.8 79.3 79 78.5 19.3 76.2 48.8 25.2 115.1 78.7 77.2 84.2 82.5 59.4 26.2 65.2 74.2 46.8 73.7 46.1 47.1 83.3 115.3 115.2 107.5 94.1 116.2 50.3 93.4 22.3 82.8 28.3 78.4 0.2 19.7 19.5 20 13.4 13.5 13.6 9.3 0 21.4 18.8 57.4 27.2 28.9 30.3 28.7 115.3 75.2 74.9 30.4 28.4 74.8 60.4 28.2 29.3 21.8 50.7 27.2 21.9 59.3 76.9 83.1 50.8 101.2 47.1 57.2 76.9 54.4 77.4 38.2 91.5 77.4 83.1 115.8 50.5 50.7 100.2 94.9 90.8 65.4 34.5 114.4 55 55 9.1 114.8 70.6 70
36.1 13.6 84.6 101.2 31.4 124.1 86.6 17.1 84.8 101.3 40.2 33.6 125.3 124.8 124.2 87.7 87.1 52.2 86.6 70.3 131.3 38.1 62.6 87.9 105.1 103.6 101.8 49.4 88.9 88.6 88.1 0.7 85.9 58.4 41.6 124.8 88.4 86.9 93.8 92.1 69 35.9 76.5 62.7 42.3 83.4 43.3 44.1 93 125 124.9 117.1 103.7 125.8 61.5 103 32 92.4 37.9 88 21.6 3.7 2.3 2.6 26 26.1 16.9 21.8 21.4 0 1.4 67 36.9 38.5 39.9 38.4 124.9 84.9 84.5 40 38.1 84.5 70 37.8 39 38.6 63.3 49.8 31.6 71 86.5 92.7 63.4 110.9 42.2 66.8 86.6 64.1 88.7 34.6 101.1 87 92.8 125.4 63.1 63.3 109.8 104.6 100.5 76.7 50 124 64.6 64.7 27.6 124.4 80.3 79.7
33.5 12.9 82 98.7 28.8 121.5 84.1 18.4 82.3 98.7 37.7 32.9 122.7 122.3 121.6 85.1 84.6 49.6 84.1 67.7 128.7 35.5 60 85.3 102.6 101 99.2 46.9 86.3 86.1 85.5 1 83.3 55.9 39 122.2 85.8 84.3 91.3 89.6 66.5 33.3 73.9 65.2 42.5 80.8 41.8 42.8 90.4 122.4 122.3 114.6 101.1 123.3 59 100.5 29.4 89.9 35.3 85.5 19 2.2 2 1.9 23.5 23.5 18.2 19.3 18.8 2.3 0 64.4 34.3 36 37.4 35.8 122.4 82.3 82 37.4 35.5 81.9 67.5 35.2 36.4 36 60.7 47.2 29 68.4 83.9 90.2 60.8 108.3 42.8 64.3 84 61.5 86.1 33.9 98.5 84.4 90.2 122.9 60.5 60.7 107.2 102 97.9 74.1 47.4 121.4 62 62.1 25 121.8 77.7 77.1
34.3 50.9 31.6 46.2 47.5 96.9 31.6 44.2 31.5 49.5 29.9 37.8 73.5 73.1 96.9 60.4 59.9 14.9 59.4 5.2 79.5 29.9 75.6 60.6 53.4 76.3 74.5 35.4 49.5 48 48.6 65.2 58.7 30.7 54.6 73 49 31.8 38.8 37.1 58.7 32.3 89.5 17 35.2 32.8 36.2 37 38 73.2 73.1 66.7 51.9 74.1 64.4 75.8 47.7 37.4 30.9 60.8 57.4 65.6 65.4 65.9 67.5 67.6 44.4 63.4 57.6 67.3 64.7 0 31.6 29.9 32.3 29.5 97.7 33.1 31.8 32.2 29.9 31.7 4.9 30.7 30.7 58.9 95.2 62.8 47.5 84 59.3 65.5 95.3 83.6 35.1 56.5 59.3 18.6 101.8 48.8 73.9 59.8 37.8 98.2 95 95.2 82.6 52.8 73.3 89.7 70.1 96.8 4.1 4.7 61.6 97.2 53.1 14.5
3.3 24 47.8 65.8 18 87.3 51.2 13.4 48 64.5 4 10.9 88.5 88 87.4 50.8 50.3 16.7 49.8 34.9 94.5 1.8 46.1 51 68.3 66.7 64.9 12.6 52.1 51.8 51.3 34.4 49.1 21.6 25.1 88 51.6 51.4 58.4 56.7 32.8 1.3 60 48.5 33.9 46.5 33.2 34.1 57.6 88.2 88 80.3 66.9 89 38.5 66.2 18.2 57 1.6 51.2 26.6 34.8 34.6 35.1 36.8 36.8 13.6 32.6 26.8 36.5 33.9 31.6 0 2.3 3.7 2.1 88.1 48.1 47.7 3.8 1.8 47.6 34.6 0.9 2.7 29.5 65.7 33.3 18 54.6 49.7 55.9 65.8 74.1 34.2 30.6 49.7 28.7 72.3 21.9 64.3 50.2 57.4 88.6 65.5 65.7 73 67.8 63.7 60.2 40.6 87.2 29.2 29.3 30.9 87.6 43.5 44.2
5 25.6 46 64 18.2 85.5 49.4 15 46.2 62.7 2.2 12.5 86.7 86.2 85.6 49 48.5 15 48 33.1 92.7 0.6 46.3 49.3 66.5 65 63.2 10.8 50.3 50 49.5 36.1 47.3 19.8 25.3 86.2 49.8 49.7 56.6 54.9 31 3 60.2 46.7 35.5 44.8 34.8 35.7 55.8 86.4 86.3 78.5 65.1 87.2 36.7 64.4 18.4 55.2 1.4 49.4 28.3 36.5 36.3 36.8 38.5 38.5 15.3 34.3 28.5 38.2 35.6 29.8 2.3 0 2.8 0.5 86.3 46.3 45.9 2.7 0.6 45.8 32.8 1.4 1.2 29.6 65.9 33.5 18.2 54.7 47.9 54.1 66 72.3 35.8 28.8 48 26.9 72.5 23.5 62.5 48.4 55.6 86.8 65.7 65.9 71.2 66 61.9 60.4 40.8 85.4 27.4 27.5 32.6 85.8 41.7 42.5
3.9 27.7 48.5 66.5 16.1 88 51.9 16.4 48.7 65.2 4.7 14.6 89.2 88.7 88.1 51.6 51 17.5 50.5 35.6 95.2 3.4 44.2 51.8 69 67.5 65.7 13.3 52.8 52.5 52 37.5 49.8 22.3 23.2 88.7 52.3 52.2 59.1 57.5 33.5 4.4 58.1 49.2 37.6 47.3 36.8 37.8 58.3 88.9 88.8 81 67.6 89.7 39.2 66.9 16.2 57.7 2.8 51.9 29.7 37.9 37.7 38.2 39.9 39.9 16.7 35.7 29.9 39.6 37 32.3 3.7 2.7 0 3.2 88.8 48.8 48.4 0.2 3.5 48.3 35.3 3.6 1.6 27.5 63.8 31.4 16.1 52.6 50.4 56.6 63.9 74.8 37.8 31.3 50.5 29.4 70.3 25.6 65 50.9 58.1 89.3 63.6 63.8 73.7 68.5 64.4 58.3 38.7 87.9 29.9 30 31 88.3 44.2 45
4.8 25.5 45.6 63.7 18 85.2 49.1 14.9 45.9 62.4 1.9 12.3 86.4 85.9 85.2 48.7 48.2 14.6 47.7 32.8 92.4 0.5 46.1 48.9 66.2 64.6 62.8 10.5 50 49.7 49.2 36 46.9 19.5 25.2 85.8 49.4 49.3 56.3 54.6 30.6 2.9 60 46.3 35.4 44.4 34.6 35.6 55.5 86 85.9 78.2 64.8 86.9 36.4 64.1 18.2 54.9 1.7 49.1 28.2 36.3 36.1 36.6 38.3 38.3 15.1 34.1 28.4 38 35.5 29.5 2.2 0.5 3.7 0 86 45.9 45.6 3.2 0.4 45.5 32.5 1.2 1.7 29.5 65.8 33.4 18.1 54.6 47.6 53.8 65.9 71.9 35.6 28.4 47.6 26.5 72.3 23.4 62.2 48.1 55.2 86.5 65.5 65.8 70.9 65.6 61.5 60.2 40.6 85.1 27.1 27.1 32.4 85.5 41.3 42.1
90.7 108.6 87.2 128.6 94.8 1 117.4 101.9 87.4 103.9 86.3 95.5 112.7 113.6 1.1 59.8 60.2 96.4 60.5 101 106.7 86.3 62.7 60 102.7 16.4 23.9 76.8 72.6 74.5 73.6 122.9 39 67.1 87.2 96.2 73.2 117.6 124.8 125.3 71.6 88.7 48.5 114.6 118.5 85.9 117.7 118.7 124 113.6 113.4 87.6 102.3 114.4 62.5 73.5 95 125 87.3 59.7 115.1 123.3 123.1 123.6 100.3 100.2 102.1 104.5 115.3 125 122.4 97.7 88 86.3 88.7 85.9 0 87.4 87.1 88.6 86.3 87 100.8 87.1 87.1 93.1 82.1 87.1 94.8 59 38.4 42.5 82 14.1 118.8 84.4 38.4 79.7 47.9 106.5 23.8 39 124.4 0.5 82.2 82.1 32 102.1 23.2 48.3 79.4 0.9 95.3 95.4 104.7 0.8 54.8 110.4
50.7 68.6 1.5 41.4 63.9 86.6 38.6 61.9 1.8 16.7 46.3 55.5 40.7 40.2 86.7 29.3 29.8 33.2 30.1 36.4 46.7 46.4 92 29.2 20.5 66.1 64.3 36.8 17.6 16.1 16.7 82.9 48.4 26.5 71 40.2 17.1 38.8 37.6 38.1 75.1 48.7 105.9 50 66.4 1.5 67.4 68.2 36.8 40.4 40.2 33.8 19.1 41.2 80.8 43.9 64.1 37.8 47.3 29.3 75.1 83.3 83.1 83.6 85.3 85.3 62.1 81.1 75.3 85 82.4 33.1 48 46.3 48.7 45.9 87.5 0 1.4 48.6 46.3 1.4 36.1 47.1 47.2 75.3 111.6 79.2 63.9 100.4 49 55.3 111.7 73.4 66.3 72.9 49.1 35.8 104.5 66.5 63.6 49.5 37.2 88 111.4 111.6 60.2 20 63 106.1 86.5 86.5 30.7 30.8 79.4 86.9 36.8 40.7
50.3 68.3 0.2 42.6 63.6 86.3 37.3 61.5 0.4 17.9 46 55.1 41.9 41.4 86.3 29.5 30 31.9 30.3 35.1 47.9 46 91.6 29.4 21.7 65.7 63.9 36.4 17.8 16.3 16.9 82.6 48.1 26.2 70.7 41.3 17.3 37.5 38.8 39.3 74.7 48.4 105.6 48.6 65.1 1.2 66.1 66.8 38 41.6 41.4 35 20.3 42.4 80.5 44.1 63.7 39 47 29.5 74.8 83 82.8 83.2 84.9 84.9 61.8 80.7 75 84.6 82.1 31.8 47.7 45.9 48.3 45.5 87.1 1.4 0 48.2 46 0.1 34.8 46.7 46.8 75 111.3 78.9 63.6 100.1 48.7 54.9 111.4 73 65 72.6 48.7 35.4 104.2 66.2 63.3 49.2 38.4 87.6 111.1 111.3 60.4 21.1 62.7 105.7 86.1 86.2 29.4 29.5 79 86.6 37 39.4
4.4 28.2 48.8 66.9 16.6 88.4 52.3 17 49.1 65.6 5.1 15.1 89.6 89.1 88.4 51.9 51.4 17.8 50.9 36 95.6 3.7 44.7 52.1 69.4 67.8 66 13.7 53.2 52.9 52.4 38.1 50.1 22.7 23.7 89 52.6 52.5 59.5 57.8 33.8 5 58.6 49.5 38.1 47.6 37.3 38.3 58.7 89.2 89.1 81.4 68 90.1 39.6 67.3 16.8 58.1 3.3 52.3 30.3 38.4 38.2 38.7 40.4 40.4 17.2 36.2 30.5 40.1 37.5 32.7 4.3 3.1 0.7 3.6 89.2 49.1 48.8 0 4 48.7 35.7 4.2 1.9 28 64.3 31.9 16.6 53.1 50.8 57 64.4 75.1 38.4 31.6 50.8 29.7 70.9 26.1 65.4 51.3 58.4 89.7 64.1 64.3 74.1 68.8 64.7 58.8 39.2 88.3 30.3 30.3 31.6 88.7 44.5 45.3
4.3 26.5 46.5 64.5 18.1 86 49.9 15.3 46.7 63.2 2.7 13.4 87.2 86.7 86.1 49.6 49 15.5 48.5 33.6 93.2 1 46.2 49.8 67.1 65.5 63.7 11.3 50.8 50.5 50 36.4 47.8 20.3 25.3 86.7 50.3 50.2 57.1 55.5 31.5 3.2 60.2 47.2 36.4 45.3 35.6 36.6 56.3 86.9 86.8 79 65.6 87.7 37.2 64.9 18.3 55.7 1.4 49.9 28.5 36.7 36.5 37 38.7 38.7 15.5 34.5 28.7 38.4 35.8 30.3 2.5 0.9 2.7 0.9 86.8 46.8 46.4 2.6 0 46.4 33.3 1.6 1.2 29.6 65.9 33.5 18.2 54.7 48.4 54.6 66 72.8 36.6 29.3 48.5 27.4 72.4 24.4 63 48.9 56.1 87.3 65.7 65.9 71.7 66.5 62.4 60.3 40.7 85.9 27.9 28 32.8 86.3 42.2 43
50.3 68.2 0.1 42.5 63.5 86.2 37.3 61.5 0.4 17.8 45.9 55.1 41.8 41.3 86.3 29.4 29.9 31.8 30.3 35 47.8 45.9 91.6 29.3 21.6 65.7 63.9 36.3 17.7 16.3 16.8 82.5 48 26.1 70.6 41.3 17.2 37.5 38.7 39.2 74.7 48.3 105.5 48.6 65 1.1 66 66.8 37.9 41.5 41.3 34.9 20.2 42.3 80.4 44.1 63.6 38.9 46.9 29.4 74.7 82.9 82.7 83.2 84.8 84.9 61.7 80.7 74.9 84.6 82 31.7 47.6 45.8 48.2 45.4 87 1.4 0.1 48.2 45.9 0 34.8 46.7 46.7 74.9 111.2 78.8 63.5 100 48.6 54.8 111.3 73 64.9 72.5 48.6 35.4 104.1 66.1 63.2 49.1 38.3 87.5 111 111.2 60.3 21.1 62.6 105.7 86.1 86.1 29.3 29.4 78.9 86.5 37 39.4
37.5 54.1 34.9 51.1 50.7 100.1 36.5 47.4 34.8 52.8 33.1 41 76.8 76.3 100.2 63.7 63.1 18.1 62.6 0.3 82.8 33.2 78.8 63.9 56.6 79.6 77.8 38.6 52.7 51.2 51.8 68.4 61.9 33.9 57.9 76.2 52.2 36.7 43.7 42 61.9 35.6 92.7 12.8 31 36.1 32 32.7 42.9 76.5 76.3 69.9 55.2 77.3 67.7 79 50.9 42.3 34.1 64 60.6 68.8 68.6 69.1 70.8 70.8 47.6 66.6 60.8 70.5 67.9 4.9 34.9 33.1 35.5 32.7 100.9 36.3 35 35.4 33.1 35 0 33.9 34 62.2 98.5 66.1 50.8 87.3 62.5 68.7 98.6 86.9 30.9 59.7 62.6 21.8 105 42.9 77.1 63 42.7 101.4 98.2 98.4 85.8 56 76.5 92.9 73.3 100 5.4 6 64.9 100.4 56.3 19.5
4.1 24.5 46.9 64.9 18.1 86.4 50.3 14.2 47.1 63.6 3.1 11.4 87.6 87.1 86.4 49.9 49.4 15.8 48.9 34 93.6 0.9 46.2 50.1 67.4 65.8 64 11.7 51.2 50.9 50.4 35.3 48.2 20.7 25.2 87.1 50.7 50.5 57.5 55.8 31.9 2.1 60.1 47.6 34.4 45.6 33.6 34.6 56.7 87.3 87.1 79.4 66 88.1 37.6 65.3 18.3 56.1 1.7 50.3 27.4 35.6 35.4 35.9 37.6 37.6 14.4 33.4 27.6 37.3 34.7 30.7 0.9 1.4 3.8 1.2 87.2 47.2 46.8 3.8 0.9 46.7 33.7 0 1.7 29.5 65.8 33.4 18.1 54.6 48.8 55 65.9 73.1 34.6 29.7 48.8 27.8 72.4 22.4 63.4 49.3 56.5 87.7 65.6 65.8 72.1 66.8 62.8 60.3 40.7 86.3 28.3 28.4 31.7 86.7 42.6 43.3
4.2 26.6 47 65 17.5 86.5 50.4 15.4 47.2 63.7 3.2 13.5 87.7 87.2 86.5 50 49.5 15.9 49 34.1 93.7 1.8 45.6 50.2 67.5 65.9 64.1 11.8 51.3 51 50.5 36.5 48.3 20.8 24.6 87.2 50.8 50.6 57.6 55.9 32 3.4 59.5 47.7 36.5 45.7 35.7 36.7 56.8 87.4 87.2 79.5 66.1 88.2 37.7 65.4 17.7 56.2 1.2 50.4 28.7 36.8 36.6 37.1 38.8 38.8 15.6 34.6 28.9 38.5 36 30.8 2.7 1.2 1.6 1.7 87.3 47.3 46.9 1.5 1.8 46.8 33.8 1.7 0 28.9 65.2 32.8 17.5 54 48.9 55.1 65.3 73.2 36.8 29.8 48.9 27.9 71.8 24.5 63.5 49.4 56.6 87.8 65 65.2 72.2 66.9 62.9 59.7 40.1 86.4 28.4 28.5 32.9 86.8 42.7 43.4
26.9 37.8 75.2 93.2 15.7 94.1 78.6 27.5 75.4 91.9 31.4 40.3 115.9 115.4 94.1 78.2 77.7 44.1 77.2 62.3 121.9 29.7 30.6 78.4 95.7 94.1 92.3 40 79.5 79.2 78.7 36.6 76.5 49 4.5 115.3 79 78.8 85.8 84.1 38.8 29 44.7 75.9 63.3 73.9 62.6 63.5 85 115.6 115.4 107.7 94.3 116.4 29.6 93.6 15.8 84.4 28.5 78.6 21.5 36.9 36.7 37.2 20.9 20.9 27.7 17.2 21.7 38.6 36 59 29.5 29.6 27.6 29.5 93.2 75.4 75.1 27.7 29.2 75 62 29.4 29 0 38.9 6.5 15.7 38.8 77.1 83.3 39 101.4 63.6 51.6 77.1 56.1 56.9 51.3 91.7 77.6 84.8 92.9 38.7 38.9 100.4 95.1 91.1 44.9 13.8 94.1 56.6 56.7 12.6 93.9 70.9 71.6
63.1 72.8 111.4 129.5 52 82.9 114.9 63.7 111.7 128.1 67.6 76.6 152.1 151.7 82.9 114.5 114 80.4 113.5 98.6 158.1 65.9 28.4 114.7 132 98.3 105.8 76.3 115.7 115.5 115 61.2 82.7 85.3 40.8 151.6 115.2 115.1 122.1 120.4 65.7 65.3 34.8 112.1 99.6 110.2 98.8 99.8 121.2 151.8 151.7 144 130.6 152.7 56.6 129.9 52.1 120.7 64.8 114.9 50.4 61.5 61.3 61.8 37.2 37.2 64 41.5 50.6 63.2 60.7 95.3 65.7 65.9 63.9 65.8 81.9 111.7 111.4 64 65.5 111.3 98.3 65.7 65.3 38.9 0 32.9 52 36.6 82.5 77.3 0.2 96 99.9 78.5 82.3 92.3 44.8 87.6 105.8 81.6 121 81.6 0.2 0.1 113.9 131.4 73.3 34.6 25.6 82.9 92.9 92.9 43.4 82.6 107.1 107.9
30.8 41.7 79.1 97.1 19.6 88.1 82.5 31.4 79.3 95.8 35.3 44.2 119.8 119.3 88.1 82.1 81.6 48 81.1 66.2 125.8 33.6 24.6 82.3 99.6 98 96.2 43.9 83.4 83.1 82.6 47.8 80.4 52.9 8.5 119.3 82.9 82.7 89.7 88 42.7 32.9 38.6 79.8 67.2 77.8 66.5 67.5 88.9 119.5 119.3 111.6 98.2 120.3 33.6 97.5 19.8 88.3 32.4 82.5 27 48.2 48 48.5 26.4 26.4 31.6 22.7 27.2 49.8 47.3 62.9 33.4 33.5 31.5 33.4 87.2 79.4 79 31.6 33.1 78.9 65.9 33.3 32.9 6.5 32.9 0 19.6 32.8 81 87.2 33 101.2 67.5 55.5 81 60 50.9 55.2 95.6 81.5 88.7 86.8 32.7 32.9 104.3 99.1 77.6 38.8 7.7 88.1 60.5 60.6 18.1 87.8 74.8 75.5
15.5 23.5 63.8 81.8 0.2 95.7 67.2 13.2 64 80.5 20 28.9 104.5 104 95.7 66.8 66.3 32.7 65.8 50.9 110.5 18.2 32.4 67 84.3 82.7 80.9 28.6 68.1 67.8 67.3 29.6 65.1 37.6 11.4 103.9 67.6 67.4 74.4 72.7 40.5 17.6 46.3 64.5 46.5 62.5 45.7 46.7 73.6 104.2 104 96.3 82.9 105 31.4 82.2 0.6 73 17.1 67.2 21.8 30 29.8 30.3 26.2 26.3 13.4 22.5 22 31.7 29.1 47.6 18.1 18.2 16.2 18.1 94.8 64 63.7 16.3 17.8 63.6 50.6 18 17.6 15.7 52 19.6 0 40.8 65.7 71.9 52.1 90 46.7 46.6 65.7 44.7 58.5 39.9 80.3 66.2 73.4 94.5 51.8 52 89 83.7 79.7 46.5 26.9 95.7 45.2 45.3 16.4 95.5 59.5 60.2
51.9 62.9 100.2 118.3 40.8 60 103.7 52.5 100.5 117 54.5 65.4 141 140.5 60 82.5 81.9 69.2 81.4 87.4 147 54.7 8.5 82.7 120.8 75.5 83 65.1 104.6 104.3 103.8 69 59 74.1 33.1 140.4 104 103.9 110.9 109.2 46.1 54.1 10.5 100.9 88.4 99 87.6 88.6 110.1 140.6 140.5 111.9 119.4 141.5 37 97.8 40.9 109.5 53.6 82.8 59.1 69.3 69.1 69.6 46 45.9 52.8 50.2 59.3 71 68.5 84.1 54.6 54.7 52.7 54.6 59.1 100.5 100.2 52.8 54.3 100.1 87.1 54.5 54.1 38.8 36.6 32.8 40.8 0 58.8 53.5 36.7 73.1 88.7 58.9 58.5 81.1 22.8 76.4 82.9 57.8 109.8 58.7 36.4 36.6 91 120.2 49.5 10.7 25.1 60 81.7 81.7 50.4 59.7 74.7 96.7
52.3 70.2 48.7 90.1 65.5 37.5 78.9 63.5 49 65.4 47.9 57.1 84 89 37.6 24.1 23.6 58 23.1 62.6 77.9 47.9 62.4 24.3 69.3 17.5 15.2 38.3 36.9 38.8 37.9 84.5 0.6 28.7 72.6 67.5 37.5 79.1 86.4 86.9 76.7 50.3 48.5 76.2 80.1 47.5 79.3 80.3 85.5 89.1 89 53.6 67.8 90 82.4 39.5 65.6 86.5 48.9 24.5 76.7 84.9 84.7 85.2 86.8 86.9 63.7 82.7 76.9 86.6 84 59.3 49.6 47.8 50.2 47.4 38.4 49 48.7 50.2 47.9 48.6 62.3 48.7 48.7 76.9 82.6 80.8 65.5 58.7 0 17.4 82.7 24.3 80.3 74.5 0.2 41.2 57.7 68.1 14.5 0.9 86 38.9 82.8 82.6 23.2 68.7 14.4 48.2 88.1 37.4 56.9 57 80.9 37.8 16.4 71.9
58.5 76.4 55 96.4 71.7 42.5 85.2 69.7 55.2 71.7 54.1 63.3 95.7 95.2 42.5 42 41.5 64.2 41 68.8 95.8 54.2 57.1 42.2 75.5 34.1 32.3 44.6 54.8 54.2 53.7 90.7 16.9 34.9 78.8 85.4 55.4 85.4 92.6 93.1 82.9 56.5 43.3 82.4 86.3 53.7 85.6 86.5 91.8 95.4 95.2 71.5 74.1 96.2 53.5 57.4 71.9 92.8 55.1 42.4 82.9 91.1 90.9 91.4 93.1 93.1 69.9 88.9 83.1 92.8 90.2 65.6 55.8 54.1 56.5 53.7 42.5 55.3 54.9 56.4 54.1 54.8 68.6 54.9 55 83.1 77.3 87 71.7 53.4 17.4 0 77.4 41.4 86.6 80.7 17.1 47.5 52.4 74.3 31.7 17.6 92.2 43 77.5 77.3 40.4 74.9 20.2 42.9 73.8 41.6 63.1 63.2 87.2 42.6 34.6 78.2
63.2 72.9 111.5 129.6 52.1 82.7 115 63.8 111.8 128.3 67.8 76.7 152.3 151.8 82.7 114.6 114.1 80.5 113.6 98.7 158.3 66 28.5 114.8 132.1 98.2 105.7 76.4 115.8 115.6 115.1 61.3 82.8 85.4 40.9 151.7 115.3 115.2 122.2 120.5 65.8 65.4 34.9 112.2 99.7 110.3 98.9 99.9 121.3 151.9 151.8 144.1 130.7 152.8 56.7 130 52.2 120.8 64.9 115 50.5 61.6 61.4 61.9 37.3 37.3 64.1 41.6 50.7 63.3 60.8 95.4 65.8 66 64 65.9 81.8 111.8 111.5 64.1 65.6 111.4 98.4 65.8 65.4 39 0.2 33 52.1 36.7 82.6 77.4 0 95.8 100 78.6 82.4 92.4 44.7 87.7 105.6 81.7 121.1 81.4 0.3 0.2 113.7 131.5 73.4 34.7 25.7 82.7 93 93 43.5 82.4 107.2 108
76.6 94.6 73.1 114.5 89.8 13.2 103.3 87.8 73.3 89.8 72.2 81.4 98.6 99.5 13.3 45.7 46.1 82.3 46.4 87 92.6 72.3 76.8 45.9 88.6 20.2 9.9 62.7 58.6 60.4 59.6 108.9 25 53.1 97 82.2 59.1 103.5 110.7 111.2 101 74.7 62.5 100.6 104.4 71.9 103.7 104.7 109.9 99.5 99.4 73.6 88.2 100.4 76.5 59.5 90 110.9 73.2 45.6 101.1 109.2 109 109.5 111.2 111.2 88.1 107 101.3 110.9 108.4 83.7 74 72.2 74.6 71.8 14.1 73.4 73 74.5 72.2 72.9 86.7 73 73.1 101.3 96.2 101.2 89.9 73.1 24.3 41.4 96 0 104.7 98.8 24.3 65.6 61.9 92.5 9.8 25 110.3 14.6 96.3 96.2 17.9 88.1 26.4 62.3 93.5 13.1 81.3 81.4 105.3 13.5 40.8 96.3
37.4 31.1 65 63.2 46.6 118 48.6 33.6 64.9 75.5 38.1 23.3 93.1 92.4 118 81.5 81 46 80.5 30.9 99.1 35.1 80.2 81.7 81 97.4 95.6 43.3 82.7 82.5 82 42.9 79.7 52.3 59.3 100.7 82.2 48.9 55.8 54.1 66.9 35.4 94.1 22.6 0.3 66.2 1.3 1.2 55 92.1 92.6 94.3 79.6 91.3 72.6 96.9 47.1 54.4 35.8 81.9 47 44.3 44.4 40.9 57.1 57.1 33.6 52.9 47.2 42.2 42.8 35.1 34.2 36.4 37.8 36.2 118.8 66.5 65.2 37.9 35.9 65.2 30.9 34.6 36.8 63.6 99.8 67.5 46.7 88.7 80.3 86.6 100 104.7 0 64.7 80.4 52 106.4 12.3 95 80.9 54.8 119.3 99.6 99.8 103.7 80.4 94.3 94.3 74.7 117.9 35.6 36.2 52.7 118.2 74.1 31.6
33.3 54.3 72.7 90.7 46.5 85.4 76.1 43.4 72.9 89.4 26.6 41.1 113.4 112.9 85.3 75.8 75.2 41.7 74.7 59.8 119.4 28.9 50.5 76 93.2 91.7 89.9 37.5 77 76.7 76.2 64.4 74 46.5 47.1 112.9 76.5 76.4 83.3 81.7 12.8 31.3 48.8 73.4 64.1 71.5 63.4 64.4 82.5 113.1 113 105.2 91.8 113.9 22 91.1 46.7 81.9 29.9 76.1 56.6 64.8 64.6 65.1 66.8 66.8 43.6 62.6 56.8 66.5 63.9 56.5 30.6 28.9 31.3 28.5 84.4 73 72.6 31.2 28.9 72.5 59.5 29.7 29.7 51.6 78.6 55.5 46.5 58.9 74.6 80.8 78.7 99 64.4 0 74.7 53.6 60.2 52.2 89.2 75.1 82.3 84.1 78.4 78.6 97.9 92.7 88.6 48.4 62.7 112.1 54.1 54.2 60.9 85.1 68.4 69.2
52.3 70.3 48.8 90.2 65.5 37.6 79 63.5 49 65.5 47.9 57.1 84 89 37.6 24.2 23.7 58 23.1 62.7 78 48 62.1 24.4 69.3 17.2 15.2 38.4 37 38.8 38 84.6 0.7 28.7 72.6 67.5 37.6 79.2 86.4 86.9 76.7 50.4 48.3 76.2 80.1 47.6 79.4 80.4 85.6 89.2 89 53.6 67.9 90 82.4 39.6 65.7 86.6 48.9 24.5 76.8 84.9 84.7 85.2 86.9 86.9 63.7 82.7 77 86.6 84 59.4 49.7 47.9 50.3 47.5 38.4 49.1 48.7 50.2 47.9 48.6 62.4 48.7 48.8 77 82.3 80.8 65.6 58.4 0.2 17.1 82.4 24.3 80.4 74.5 0 41.3 57.4 68.1 14.6 0.7 86 38.9 82.5 82.3 23.3 68.8 14.2 47.9 88.1 37.5 57 57 81 37.8 16.4 72
31.4 48 35.5 52.9 44.6 78.8 38.3 41.2 35.8 52.2 27 34.8 76.2 75.8 78.9 42.4 41.9 12 41.3 21.9 82.2 27 72.7 42.6 56.1 58.3 56.5 20.6 39.8 39.6 39 62.3 40.6 12.6 51.7 75.7 39.3 38.5 45.5 43.8 55.8 29.4 86.6 35.5 51.9 34.3 52.9 53.7 44.6 75.9 75.8 69.4 54.6 76.8 61.5 57.8 44.8 44.1 28 42.7 54.5 62.7 62.5 62.9 64.6 64.7 41.5 60.4 54.7 64.3 61.8 18.6 28.7 27 29.4 26.6 79.6 35.8 35.4 29.3 27 35.4 21.7 27.8 27.8 56 92.3 59.9 44.6 81.1 41.2 47.4 92.4 65.6 51.8 53.6 41.3 0 98.9 45.9 55.8 41.7 44.4 80.2 92.1 92.3 64.5 55.5 55.2 86.8 67.2 78.7 16.2 16.3 58.7 79.1 35 31.3
69.7 80.7 104.2 136.1 58.6 48.6 121.5 70.3 104.5 120.9 72.3 83.2 141.2 144.5 48.6 81.4 80.8 87 80.3 105.2 135.2 72.5 26.5 81.6 124.8 64.1 71.5 82.9 94.2 96 95.2 86.8 57.9 91.9 50.9 124.7 94.8 121.7 128.7 127 47.4 71.9 12.2 118.7 106.2 103 105.4 106.4 127.8 144.6 144.5 110.8 123.4 145.5 38.2 96.7 58.7 127.3 71.4 81.7 77.2 87.1 86.9 87.4 64 64 70.6 68.3 77.4 88.8 86.2 101.9 72.3 72.5 70.5 72.4 47.6 104.5 104.2 70.6 72.1 104.1 104.9 72.3 71.9 56.9 45.3 50.8 58.6 22.8 57.7 52.4 45.2 61.7 106.5 60.2 57.4 98.9 0 94.2 71.5 56.7 127.6 47.3 45.4 45.3 79.6 124.2 48.4 12 43.1 48.6 99.5 99.5 68.4 48.3 73.6 114.5
25.2 22.1 66.2 75.2 39.9 105.7 60.6 24.7 66.4 82.9 25.9 11 106.9 106.4 105.8 69.2 68.7 33.7 68.2 42.9 112.9 22.9 68 69.4 86.7 85.1 83.4 31 70.5 70.2 69.7 34.5 67.5 40 47 106.4 70 60.9 67.8 66.2 54.6 23.2 81.9 34.6 12 65 11.2 12.2 67 106.6 106.4 98.7 85.3 107.4 60.4 84.6 40.1 66.4 23.5 69.6 38 35.4 35.2 32 48.2 48.2 24.7 44 38.2 34.6 33.9 48.6 21.9 24.1 25.5 24 106.5 66.5 66.1 25.6 23.7 66 42.9 22.4 24.5 51.3 87.6 55.2 39.9 76.4 68.1 74.3 87.7 92.5 12.3 52.4 68.1 45.7 94.1 0 82.7 68.6 66.8 107 87.4 87.6 91.4 86.2 82.1 82.1 62.5 105.6 46.2 46.3 43.8 106 61.9 43.6
66.9 84.8 63.3 104.7 80.1 23 93.5 78.1 63.6 80 62.5 71.7 89.5 90.3 23.1 36.6 36.9 72.6 37.3 77.2 83.4 62.5 86.6 36.8 79.5 10.4 0.7 53 49.4 51.2 50.4 99.1 15.2 43.3 87.2 73 50 93.8 101 101.5 91.3 64.9 72.3 90.8 94.7 62.1 93.9 94.9 100.1 90.3 90.2 64.4 79 91.2 97 50.3 80.3 101.2 63.5 36.5 91.3 99.5 99.3 99.8 101.4 101.5 78.3 97.3 91.5 101.2 98.6 73.9 64.2 62.4 64.8 62 23.8 63.6 63.3 64.8 62.5 63.2 76.9 63.3 63.3 91.5 106 95.4 80.1 82.9 14.5 31.7 105.8 9.8 95 89.1 14.6 55.8 71.7 82.7 0 15.2 100.6 24.4 106.1 106 8.7 78.9 22.4 72.1 102.7 22.9 71.5 71.6 95.5 23.3 31 86.6
52.8 70.7 49.2 90.6 66 38.2 79.4 64 49.5 65.9 48.4 57.6 84.5 89.5 38.3 24.6 24.1 58.5 23.6 63.1 78.5 48.4 61.5 24.8 69.8 16.5 15.9 38.9 37.4 39.3 38.5 85 1.1 29.2 73.1 68 38 79.7 86.9 87.4 77.2 50.8 47.6 76.7 80.6 48 79.8 80.8 86 89.6 89.5 54.1 68.4 90.5 82.9 40 66.2 87.1 49.4 25 77.2 85.4 85.2 85.7 87.3 87.4 64.2 83.2 77.4 87.1 84.5 59.8 50.1 48.3 50.7 47.9 39 49.5 49.2 50.7 48.4 49.1 62.8 49.2 49.2 77.4 81.6 81.3 66 57.8 0.9 17.6 81.7 25 80.9 75 0.7 41.7 56.7 68.6 15.2 0 86.5 39.6 81.8 81.6 23.9 69.2 13.5 47.3 88.6 38.1 57.4 57.5 81.4 38.5 16.9 72.5
59.8 76.4 38.4 8.7 73 123.6 6 69.7 38.7 20.9 55.4 63.3 38.5 37.9 123.6 65.8 66.4 40.4 66.7 42.8 44.5 55.5 101.1 65.8 26.5 103 101.2 60.9 54.2 52.7 53.3 90.7 85.3 63.5 80.2 46.1 53.7 5.8 1.3 1 84.2 57.9 115.1 32 54.7 38.4 55.7 56.5 0.5 37.6 38.1 39.8 25 36.8 90 54.5 73.2 0.7 56.5 65.9 82.9 91.1 90.9 91.4 93.1 93.1 69.9 88.9 83.1 92.8 90.2 37.6 57.2 55.4 57.8 55 124.4 37.2 38.4 57.7 55.5 38.3 42.5 56.2 56.3 84.5 120.8 88.4 73.1 109.6 86 92.2 120.9 110.3 54.6 82 86 44.2 127.3 66.6 100.6 86.5 0 124.9 120.5 120.8 96.7 25.9 99.9 115.2 95.6 123.5 41.7 41.7 87.2 123.9 73.4 24.8
91.2 109.1 87.7 129.1 94.5 1.3 117.9 102.4 87.9 104.4 86.8 96 113.2 114.1 1.3 60.3 60.7 96.9 61 101.5 107.2 86.8 62.4 60.5 103.2 16.9 24.4 77.3 73.1 75 74.1 123.4 39.5 67.6 86.9 96.7 73.7 118.1 125.3 125.8 71.3 89.2 48.1 115.1 119 86.4 118.3 119.2 124.5 114.1 113.9 88.1 102.8 114.9 62.2 74 94.7 125.5 87.8 60.2 115.6 123.8 123.6 124.1 100 99.9 102.6 104.2 115.8 125.5 122.9 98.2 88.5 86.8 89.2 86.4 0.5 87.9 87.6 89.1 86.8 87.5 101.3 87.6 87.6 92.8 81.8 86.8 94.5 58.7 38.9 43 81.6 14.6 119.3 84.1 38.9 80.2 47.5 107 24.4 39.6 124.9 0 81.9 81.8 32.5 102.6 23.7 48 79.1 1.4 95.8 95.9 104.4 1 55.3 110.9
63 72.6 111.3 129.3 51.8 83 114.7 63.6 111.5 128 67.5 76.4 152 151.5 83 114.3 113.8 80.2 113.3 98.4 158 65.7 28.2 114.5 131.8 98.5 106 76.1 115.6 115.3 114.8 61 82.9 85.1 40.6 151.4 115.1 114.9 121.9 120.2 65.5 65.1 34.9 112 99.4 110 98.7 99.6 121.1 151.7 151.5 143.8 130.4 152.5 56.4 129.7 51.9 120.5 64.6 114.7 50.2 61.4 61.2 61.7 37.1 37 63.8 41.3 50.4 63 60.5 95.1 65.6 65.7 63.7 65.6 82.1 111.5 111.2 63.8 65.3 111.1 98.1 65.5 65.1 38.7 0.2 32.7 51.8 36.4 82.7 77.4 0.3 96.1 99.7 78.3 82.4 92.2 45 87.4 105.9 81.8 120.9 81.7 0 0.2 114 131.2 73.4 34.8 25.4 83 92.7 92.8 43.2 82.7 107 107.7
63.2 72.9 111.5 129.5 52 82.8 114.9 63.8 111.7 128.2 67.7 76.6 152.2 151.7 82.8 114.6 114.1 80.5 113.5 98.6 158.2 66 28.5 114.8 132.1 98.3 105.8 76.3 115.8 115.6 115 61.3 82.8 85.3 40.9 151.7 115.3 115.2 122.1 120.5 65.8 65.4 34.9 112.2 99.7 110.3 98.9 99.9 121.3 151.9 151.8 144 130.6 152.7 56.6 130 52.2 120.7 64.9 114.9 50.4 61.6 61.4 61.9 37.3 37.2 64 41.5 50.6 63.3 60.7 95.3 65.8 65.9 63.9 65.9 81.8 111.8 111.4 64 65.6 111.4 98.3 65.7 65.4 39 0.1 32.9 52 36.7 82.6 77.3 0.1 95.9 99.9 78.6 82.3 92.4 44.7 87.7 105.7 81.7 121.1 81.5 0.3 0 113.8 131.5 73.3 34.7 25.7 82.8 92.9 93 43.4 82.5 107.2 108
75.6 93.5 60.4 100.9 88.8 31.1 97.5 86.8 60.6 76.2 71.2 80.4 83.9 84.7 31.2 31 31.3 81.3 31.7 85.9 77.8 71.2 94.7 31.2 73.9 19.1 8 61.6 43.8 45.6 44.8 107.8 23.9 52 95.9 67.4 44.4 97.7 97.1 97.6 100 73.6 80.4 99.5 103.4 59.3 102.6 103.6 96.3 84.7 84.6 58.8 73.4 85.6 105.7 44.7 89 97.3 72.2 30.9 100 108.2 108 108.5 110.1 110.2 87 106 100.2 109.9 107.3 82.6 72.9 71.1 73.5 70.7 32 60.1 60.3 73.5 71.2 60.2 85.6 72 72 100.2 114.1 104.1 88.8 91 23.2 40.4 113.9 17.9 103.6 97.8 23.3 64.5 79.8 91.4 8.7 23.9 96.7 32.5 114.2 114.1 0 73.3 31.1 80.2 111.4 31 80.2 80.3 104.2 31.4 37.7 95.3
70.4 88.3 21.2 30.1 83.6 101.4 31.8 81.6 21.5 4.8 66 75.2 20.7 20.3 101.4 44.3 44.6 52.9 45 56.1 26.7 66.1 111.7 44.2 0.6 85.8 78.3 56.5 37 35.5 36.1 102.7 68.1 46.3 90.7 20.9 36.5 31.6 26.3 26.8 94.8 68.4 125.6 57.9 80.6 21.2 81.5 82.3 25.5 20.4 20.3 14.6 0.9 21.3 100.5 29.4 83.8 26.5 67 43.8 94.8 103 102.8 103.3 105 105 81.8 100.8 95.1 104.7 102.1 52.8 67.7 66 68.4 65.6 102.2 20 21.2 68.3 66 21.1 55.8 66.8 66.9 95.1 131.3 98.9 83.6 120.1 68.7 75 131.4 88.1 80.5 92.6 68.8 55.5 124.2 86.2 78.9 69.2 26 102.7 131.1 131.3 73.3 0 82.7 125.8 106.2 101.2 50.4 50.5 99.1 101.6 51.7 50.6
66.3 84.2 62.7 104.1 79.5 23.1 92.9 77.4 63 79.4 61.9 71 98 102.9 23.2 38.1 37.6 72 37.1 76.6 91.9 61.9 53.1 38.3 83.3 16.5 23.1 52.3 50.9 52.8 51.9 98.5 14.6 42.7 86.6 81.5 51.5 93.1 100.3 100.8 58.6 64.3 39.3 90.2 94.1 61.5 93.3 94.3 99.5 103.1 103 67.6 81.8 104 49.5 53.5 79.6 100.5 62.9 38.5 90.7 98.9 98.7 99.1 100.8 100.9 77.7 96.6 90.9 100.5 98 73.3 63.6 61.8 64.2 61.4 23.2 63 62.6 64.1 61.9 62.6 76.3 62.6 62.7 90.9 73.3 77.5 79.5 49.4 14.4 20.2 73.4 26.4 94.3 88.5 14.2 55.2 48.4 82.1 22.4 13.5 100 23.7 73.5 73.3 31.1 82.7 0 38.9 69.8 22.3 70.9 71 94.9 23.2 30.4 85.9
57.7 68.7 106 124.1 46.5 49.2 109.5 58.3 106.3 122.7 60.3 71.2 146.7 146.3 49.2 72 71.4 75 70.9 93.1 125.8 60.5 14.4 72.2 126.6 64.7 72.2 70.8 84.8 86.6 85.8 74.8 48.5 79.9 38.9 115.3 85.4 109.7 116.7 115 35.6 59.9 0.4 106.7 94.2 104.8 93.4 94.4 115.8 146.4 146.3 101.4 125.1 147.3 26.5 87.3 46.7 115.3 59.4 72.3 65.1 75.1 74.9 75.4 52 51.9 58.5 56.2 65.4 76.8 74.2 89.8 60.3 60.4 58.4 60.4 48.3 106.3 105.9 58.5 60.1 105.9 92.9 60.2 59.9 44.9 34.6 38.8 46.6 10.7 48.3 43 34.7 62.3 94.4 48.4 48 86.9 12 82.2 72.1 47.3 115.6 48 34.8 34.6 80.2 126 39 0 31.1 49.2 87.4 87.5 56.4 49 64.2 102.5
38 48.9 86.3 104.4 26.8 80.4 89.8 38.6 86.6 103 42.5 51.5 127 126.5 80.4 89.4 88.9 55.3 88.3 73.4 133 40.8 16.9 89.6 106.9 95.9 103.5 51.1 90.6 90.4 89.8 48 87.6 60.1 15.7 126.5 90.1 90 97 95.3 49.9 40.2 30.9 87 74.5 85.1 73.7 74.7 96.1 126.7 126.6 118.8 105.4 127.6 40.8 104.8 27 95.6 39.7 89.7 34.2 48.4 48.2 48.6 24.1 24 38.8 28.3 34.5 50 47.5 70.1 40.6 40.7 38.7 40.7 79.5 86.6 86.2 38.8 40.4 86.2 73.2 40.5 40.2 13.8 25.6 7.7 26.9 25.1 88.2 73.9 25.7 93.5 74.7 62.7 88.3 67.2 43.2 62.5 102.8 88.7 95.9 79.1 25.4 25.6 111.5 106.3 69.9 31.1 0 80.4 67.7 67.8 25.3 80.1 82 82.8
89.8 107.7 86.2 127.6 95.8 0.8 116.4 101 86.5 102.9 85.4 94.6 111.8 112.6 0.9 58.9 59.2 95.5 59.6 100.1 105.8 85.4 63.7 59.1 101.8 15.5 23 75.8 71.7 73.5 72.7 122 38.1 66.2 88.1 95.3 72.3 116.7 123.9 124.4 72.5 87.8 49.4 113.7 117.6 85 116.8 117.8 123 112.6 112.5 86.7 101.3 113.5 63.4 72.6 95.9 124 86.4 58.8 114.2 122.4 122.2 122.7 101.2 101.2 101.2 105.5 114.4 124.1 121.5 96.8 87.1 85.3 87.7 84.9 0.9 86.5 86.2 87.7 85.4 86.1 99.8 86.2 86.2 94.1 83.1 88 95.8 60 37.4 41.6 82.9 13.1 117.8 112 37.5 78.7 48.8 105.6 22.9 38.1 123.5 1.4 83.2 83 31 101.2 22.3 49.2 80.3 0 94.4 94.5 105.7 1 53.9 109.5
32.1 48.7 29.4 50.5 45.3 94.7 35.9 42 29.3 47.4 27.7 35.6 71.4 70.9 94.8 58.2 57.7 12.7 57.2 5.7 77.4 27.8 73.4 58.4 51.2 74.1 72.3 33.2 47.3 45.8 46.4 63 56.5 28.5 52.4 70.8 46.8 36.1 43.1 41.4 56.5 30.1 87.3 17.5 35.7 30.6 36.7 37.5 42.3 71 70.9 64.5 49.8 71.9 62.2 73.6 45.5 41.7 28.7 58.6 55.2 63.4 63.2 63.7 65.3 65.4 42.2 61.2 55.4 65.1 62.5 4.1 29.4 27.7 30.1 27.3 95.5 30.9 29.6 30 27.7 29.6 5.4 28.5 28.6 56.7 93 60.6 45.3 81.8 57.1 63.3 93.1 81.5 35.6 54.3 57.1 16.4 99.6 46.6 71.7 57.6 42.1 96 92.8 93 80.4 50.6 71.1 87.5 67.9 94.6 0 0.6 59.4 95 50.9 18.8
32 48.6 29.3 50.4 45.2 94.6 35.8 41.8 29.2 47.2 27.6 35.4 71.2 70.7 94.6 58.1 57.6 12.6 57.1 6.3 77.2 27.6 73.3 58.3 51.1 74 72.2 33.1 47.1 45.7 46.2 62.9 56.3 28.4 52.3 70.7 46.6 36 43 41.3 56.4 30 87.2 18.1 36.3 30.5 37.3 38.1 42.1 70.9 70.8 64.4 49.6 71.8 62.1 73.5 45.4 41.6 28.6 58.5 55.1 63.2 63 63.5 65.2 65.2 42.1 61 55.3 64.9 62.4 4.7 29.3 27.5 30 27.1 95.4 30.8 29.5 29.9 27.6 29.4 6 28.4 28.4 56.6 92.9 60.5 45.2 81.7 57 63.2 93 81.3 36.2 54.2 57 16.3 99.4 46.5 71.6 57.5 41.9 95.9 92.7 92.9 80.3 50.5 70.9 87.4 67.8 94.5 0.6 0 59.3 94.9 50.7 18.7
30.5 29.3 79 95.7 16.2 107.4 81.1 19.2 79.3 95.7 34.7 39 119.7 119.3 107.4 82.1 81.6 46.6 81.1 64.7 125.7 32.5 43.8 82.3 99.6 98 96.2 43.9 83.3 83.1 82.6 25.6 80.3 52.9 16.1 119.2 82.8 81.3 88.3 86.6 50.4 30.3 57.9 78.3 52.5 77.8 51.7 52.7 87.4 119.4 119.3 111.6 98.2 120.3 41.2 97.5 16.7 86.9 32.3 82.5 8.9 25.9 25.7 26.2 9.9 9.9 19.2 6.2 9.1 27.6 25 61.4 31.3 33 31.1 32.8 106.4 79.3 79 31.2 32.5 78.9 64.5 32.2 33.4 12.6 43.4 18.1 16.4 52 80.9 87.2 43.5 105.3 52.8 61.3 81 58.5 70.2 43.8 95.6 81.5 87.2 106.1 43.2 43.4 104.3 99 94.9 58.1 25.3 107.4 59 59.1 0 107.1 74.7 74.1
90.2 108.1 86.6 128 95.5 0.3 116.8 101.4 86.9 103.3 85.8 95 112.2 113 0.3 59.3 59.6 95.9 60 100.5 106.2 85.8 63.4 59.5 102.2 16.5 23.4 76.2 72.1 73.9 73.1 122.4 38.5 66.6 87.9 95.7 72.7 117.1 124.3 124.8 72.3 88.2 49.1 114.1 118 85.4 117.2 118.2 123.4 113 112.9 87.1 101.7 113.9 63.1 73 95.7 124.4 86.8 59.2 114.6 122.8 122.6 123.1 101 100.9 101.6 105.2 114.8 124.5 121.9 97.2 87.5 85.7 88.1 85.3 0.8 86.9 86.6 88.1 85.8 86.5 100.2 86.6 86.6 93.8 82.8 87.8 95.5 59.7 37.8 42.6 82.6 13.5 118.2 85.1 37.8 79.1 48.5 106 23.3 38.5 123.9 1 82.9 82.8 31.4 101.6 23.2 49 80.1 1 94.8 94.9 105.4 0 54.3 109.9
46.1 64 37.1 77.6 59.3 54 72.7 57.3 37.3 52.9 41.7 50.9 67.6 68.4 54.1 7.7 7.2 51.8 6.7 56.4 61.6 41.7 87.4 7.9 52.3 33.4 31.7 32.1 20.5 22.4 21.5 78.3 15.8 22.5 66.4 51.1 21.1 73 73.8 74.3 70.5 44.1 64.5 70 73.9 36 73.1 74.1 73 68.4 68.3 37.2 51.8 69.3 76.2 23.1 59.4 74 42.7 8.1 70.5 78.7 78.5 79 80.6 80.7 57.5 76.5 70.7 80.4 77.8 53.1 43.4 41.6 44 41.2 54.8 36.8 37 44 41.7 37 56.1 42.5 42.5 70.7 107 74.6 59.3 74.7 16.4 34.6 107.1 40.8 74.1 68.3 16.4 35 73.6 61.9 31 16.9 73.4 55.3 106.8 107 37.8 51.7 30.4 64.2 81.9 53.9 50.7 50.8 74.7 54.3 0 65.8
47 63.6 39.3 33.4 60.2 109.5 18.8 56.8 39.2 45.6 42.6 50.4 63.2 62.6 109.6 73.1 72.6 27.5 72.1 19.8 69.2 42.6 88.3 73.3 51.2 89 87.2 48.1 57.1 55.6 56.2 77.9 71.3 43.3 67.3 70.8 56.6 19 26 24.3 71.4 45 102.2 9 31.7 40.4 32.7 33.4 25.2 62.3 62.8 64.5 49.8 61.5 77.1 79.2 60.3 24.6 43.6 73.5 70.1 78.2 78 78.5 80.2 80.2 57 76 70.3 79.9 77.3 14.6 44.3 42.5 44.9 42.1 110.4 40.7 39.4 44.8 42.6 39.4 19.5 43.3 43.4 71.6 107.9 75.5 60.2 96.7 71.9 78.2 108 96.3 31.6 69.2 72 31.3 114.4 43.6 86.5 72.4 25 110.9 107.7 107.9 95.2 50.6 85.9 102.4 82.7 109.4 18.6 18.7 74.3 109.8 65.7 0
